0
0
0.69362
1.38566
2.07763
2.7688
3.4595
4.14973
4.83955
5.52899
6.21812
6.90696
7.59558
8.284
8.97227
9.66042
10.3485
11.0365
11.7246
12.4127
13.1008
13.7891
14.4775
15.1661
15.8549
16.544
17.2333
17.923
18.613
19.3035
19.9943
20.6856
21.3774
22.0698
22.7627
23.4561
24.1502
24.8449
25.5403
26.2364
26.9332
27.6308
28.3292
29.0283
29.7284
30.4292
31.131
31.8336
32.5372
33.2418
33.9473
34.6538
35.3614
36.07
36.7796
37.4904
38.2022
38.9152
39.6293
40.3446
41.0611
41.7787
42.4976
43.2177
43.939
44.6617
45.3856
46.1107
46.8372
47.565
48.2942
49.0246
49.7564
50.4896
51.2242
51.9601
52.6974
53.4362
54.1763
54.9178
55.6608
56.4051
57.1509
57.8981
58.6468
59.3969
60.1484
60.9014
61.6558
62.4117
63.169
63.9277
64.6879
65.4496
66.2126
66.9771
67.7431
68.5104
69.2792
70.0494
70.821
71.594
72.3684
73.1442
73.9214
74.7
75.4799
76.2612
77.0438
77.8278
78.6131
79.3997
80.1875
80.9767
81.7672
82.5589
83.3518
84.146
84.9414
85.738
86.5358
87.3347
88.1348
88.936
89.7384
90.5418
91.3463
92.1519
92.9585
93.7661
94.5748
95.3844
96.1949
97.0064
97.8188
98.6321
99.4462
100.261
101.077
101.894
102.711
103.529
104.348
105.168
105.988
106.809
107.63
108.452
109.275
110.098
110.922
111.747
112.571
113.397
114.222
115.048
115.875
116.701
117.528
118.356
119.183
120.011
120.839
121.668
122.496
123.325
124.153
124.982
125.811
126.64
127.469
128.297
129.126
129.955
130.784
131.612
132.44
133.269
134.097
134.924
135.752
136.579
137.406
138.233
139.059
139.885
140.71
141.535
142.36
143.184
144.008
144.831
145.654
146.476
147.298
148.119
148.939
149.759
150.578
151.397
152.215
153.032
153.848
154.664
155.479
156.293
157.106
157.919
158.731
159.541
160.352
161.161
161.969
162.776
163.583
164.389
165.193
165.997
166.8
167.601
168.402
169.202
170.001
170.798
171.595
172.391
173.186
173.979
174.772
175.563
176.354
177.143
177.931
178.718
179.504
180.289
181.073
181.856
182.637
183.418
184.197
184.975
185.752
186.528
187.303
188.076
188.849
189.62
190.39
191.159
191.927
192.694
193.459
194.224
194.987
195.749
196.51
197.27
198.029
198.786
199.542
200.298
201.052
201.805
202.557
203.307
204.057
204.805
205.553
206.299
207.044
207.788
208.531
209.273
210.014
210.753
211.492
212.23
212.966
213.701
214.436
215.169
215.901
216.632
217.362
218.091
218.819
219.546
220.272
220.997
221.721
222.444
223.165
223.886
224.606
225.325
226.043
226.759
227.475
228.19
228.904
229.616
230.328
231.039
231.749
232.458
233.165
233.872
234.578
235.283
235.987
236.689
237.391
238.092
238.792
239.49
240.188
240.885
241.581
242.275
242.969
243.661
244.353
245.043
245.732
246.421
247.108
247.794
248.479
249.163
249.845
250.527
251.207
251.886
252.564
253.241
253.916
254.59
255.263
255.935
256.605
257.274
257.942
258.608
259.273
259.936
260.598
261.259
261.918
262.575
263.231
263.885
264.538
265.189
265.838
266.486
267.132
267.776
268.418
269.059
269.698
270.334
270.969
271.601
272.232
272.861
273.487
274.111
274.733
275.353
275.97
276.585
277.198
277.808
278.415
279.02
279.623
280.223
280.82
281.414
282.005
282.594
283.179
283.762
284.341
284.918
285.491
286.061
286.627
287.19
287.75
288.306
288.859
289.408
289.953
290.495
291.032
291.566
292.096
292.621
293.143
293.66
294.173
294.682
295.186
295.686
296.181
296.671
297.157
297.638
298.113
298.584
299.05
299.511
299.966
300.416
300.861
301.3
301.734
302.162
302.584
303.001
303.411
303.816
304.214
304.606
304.992
305.372
305.745
306.111
306.471
306.824
307.171
307.51
307.843
308.168
308.486
308.797
309.101
309.397
309.686
309.967
310.24
310.505
310.763
311.012
311.253
311.487
311.711
311.928
312.136
312.335
312.526
312.708
312.881
313.046
313.201
313.347
313.484
313.612
313.73
313.839
313.938
314.028
314.108
314.178
314.238
314.289
314.329
314.359
314.379
314.388
314.387
314.376
314.354
314.321
314.278
314.224
314.159
314.083
313.996
313.898
313.789
313.669
313.537
313.394
313.24
313.074
312.896
312.707
312.506
312.294
312.07
311.833
311.585
311.325
311.053
310.769
310.473
310.165
309.844
309.511
309.166
308.809
308.439
308.057
307.662
307.255
306.836
306.404
305.959
305.502
305.032
304.55
304.055
303.548
303.028
302.495
301.95
301.392
300.822
300.239
299.643
299.034
298.414
297.78
297.134
296.476
295.805
295.121
294.425
293.717
292.996
292.263
291.518
290.761
289.991
289.21
288.416
287.611
286.793
285.964
285.123
284.27
283.406
282.531
281.644
280.746
279.836
278.916
277.984
277.042
276.089
275.126
274.152
273.168
272.174
271.17
270.156
269.132
268.099
267.057
266.005
264.945
263.876
262.798
261.712
260.617
259.515
258.405
257.288
256.163
255.032
253.893
252.748
251.597
250.44
249.278
248.11
246.936
245.758
244.576
243.389
242.199
241.008
239.816
238.625
237.437
236.252
235.07
233.891
232.714
231.54
230.367
229.195
228.023
226.851
225.678
224.506
223.335
222.163
220.993
219.825
218.658
217.492
216.329
215.168
214.01
212.853
211.698
210.545
209.394
208.245
207.098
205.952
204.809
203.668
202.529
201.392
200.257
199.125
197.995
196.868
195.743
194.62
193.5
192.383
191.268
190.155
189.045
187.937
186.832
185.73
184.63
183.533
182.439
181.347
180.258
179.172
178.088
177.008
175.93
174.854
173.782
172.712
171.645
170.581
169.52
168.461
167.406
166.353
165.303
164.256
163.212
162.171
161.132
160.097
159.065
158.035
157.009
155.985
154.965
153.947
152.933
151.921
150.913
149.907
148.905
147.906
146.909
145.916
144.926
143.939
142.956
141.975
140.998
140.024
139.053
138.085
137.121
136.159
135.201
134.247
133.295
132.348
131.403
130.462
129.524
128.589
127.658
126.731
125.807
124.886
123.969
123.056
122.146
121.239
120.337
119.437
118.542
117.65
116.761
115.877
114.996
114.119
113.245
112.375
111.509
110.647
109.789
108.934
108.083
107.236
106.393
105.553
104.718
103.886
103.058
102.234
101.414
100.598
99.7853
98.9768
98.172
97.3712
96.5741
95.781
94.9916
94.2061
93.4243
92.6464
91.8722
91.1017
90.335
89.572
88.8126
88.0569
87.3048
86.5562
85.8112
85.0697
84.3316
83.5969
82.8656
82.1376
81.4128
80.6912
79.9727
79.2573
78.5448
77.8353
77.1286
76.4246
75.7234
75.0248
74.3287
73.635
72.9437
72.2546
71.5678
70.883
70.2002
69.5193
68.8403
68.1629
67.4873
66.8132
66.1405
65.4693
64.7994
64.1307
63.4632
62.7968
62.1314
61.467
60.8036
60.141
59.4793
58.8185
58.1584
57.4991
56.8405
56.1827
55.5257
54.8694
54.2139
53.5592
52.9053
52.2523
51.6002
50.949
50.2988
49.6496
49.0016
48.3547
47.7091
47.0648
46.4224
45.7821
45.1443
44.5093
43.8775
43.2496
42.626
42.0071
41.3936
40.7862
40.1853
39.5913
39.0045
38.4253
37.8537
37.2897
36.7335
36.185
35.6441
35.1109
34.5854
34.0675
33.5575
33.0553
32.5611
32.0753
31.5978
31.1292
30.6695
30.219
29.7779
29.3465
28.9249
28.5131
28.1114
27.7198
27.3381
26.9666
26.605
26.2534
25.9118
25.58
25.258
24.9458
24.6433
24.3505
24.0672
23.7933
23.5289
23.2736
23.0275
22.7903
22.5619
22.3421
22.1306
21.9273
21.732
21.5442
21.3639
21.1908
21.0245
20.8648
20.7115
20.5641
20.4224
20.2861
20.1548
20.0282
19.906
19.7877
19.673
19.5616
19.453
19.3469
19.2429
19.1406
19.0396
18.9395
18.8399
18.7404
18.6407
18.5402
18.4387
18.3357
18.2308
18.1236
18.0138
17.9009
17.7846
17.6645
17.5402
17.4114
17.2776
17.1386
16.994
16.8435
16.6868
16.5235
16.3533
16.176
15.9912
15.7987
15.5983
15.3896
15.1725
14.9466
14.7119
14.4681
14.215
13.9524
13.6803
13.3983
13.1065
12.8046
12.4926
12.1703
11.8377
11.4948
11.1414
10.7775
10.4031
10.0181
9.62255
9.21646
8.79982
8.37266
7.93501
7.48692
7.02844
6.55964
6.08059
5.59138
5.09209
4.58284
4.06372
3.53485
2.99637
2.44839
1.89105
1.3245
0.748894
0.164373
0.428898
1.03076
1.64104
2.25956
2.88617
3.52067
4.16289
4.81264
5.46975
6.13402
6.80527
7.48332
8.16797
8.85904
9.55634
10.2597
10.9689
11.6838
12.4041
13.1298
13.8606
14.5964
15.337
16.0821
16.8318
17.5856
18.3437
19.1056
19.8714
20.6408
21.4138
22.1901
22.9696
23.7523
24.5379
25.3264
26.1176
26.9115
27.7078
28.5066
29.3077
30.111
30.9165
31.724
32.5336
33.345
34.1583
34.9733
35.7901
36.6086
37.4286
38.2503
39.0735
39.8982
40.7244
41.5521
42.3812
43.2116
44.0435
44.8767
45.7113
46.5472
47.3844
48.223
49.0628
49.904
50.7465
51.5903
52.4353
53.2817
54.1293
54.9782
55.8284
56.6798
57.5324
58.3863
59.2414
60.0976
60.9551
61.8137
62.6734
63.5342
64.3961
65.259
66.1229
66.9877
67.8534
68.7199
69.5872
70.4552
71.3237
72.1929
73.0625
73.9324
74.8026
75.673
76.5434
77.413
78.2814
79.148
80.012
80.8728
81.7296
82.5809
83.4263
84.2652
85.0971
85.922
86.7399
87.5509
88.3551
89.1529
89.9445
90.7299
91.5093
92.2827
93.05
93.811
94.5655
95.3131
96.0536
96.7867
97.5121
98.2296
98.939
99.6403
100.333
101.018
101.695
102.363
103.023
103.676
104.32
104.956
105.585
106.206
106.819
107.424
108.021
108.611
109.194
109.769
110.337
110.898
111.451
111.999
112.539
113.073
113.601
114.123
114.64
115.15
115.656
116.156
116.652
117.142
117.629
118.111
118.589
119.064
119.536
120.004
120.47
120.933
121.394
121.853
122.31
122.766
123.221
123.676
124.13
124.583
125.037
125.491
125.946
126.402
126.859
127.318
127.778
128.241
128.706
129.173
129.644
130.117
130.594
131.074
131.559
132.047
132.54
133.036
133.538
134.044
134.556
135.072
135.594
136.122
136.654
137.193
137.738
138.288
138.844
139.407
139.976
140.551
141.132
141.72
142.314
142.914
143.521
144.135
144.755
145.381
146.013
146.652
147.298
147.949
148.607
149.271
149.941
150.618
151.3
151.988
152.681
153.38
154.085
154.795
155.511
156.232
156.957
157.688
158.423
159.163
159.908
160.656
161.409
162.166
162.927
163.692
164.46
165.231
166.006
166.784
167.565
168.348
169.134
169.923
170.714
171.507
172.302
173.099
173.897
174.697
175.499
176.301
177.105
177.91
178.716
179.522
180.329
181.136
181.944
182.751
183.559
184.367
185.175
185.983
186.79
187.597
188.403
189.209
190.014
190.818
191.621
192.424
193.226
194.027
194.826
195.625
196.423
197.219
198.014
198.809
199.601
200.393
201.184
201.973
202.761
203.548
204.334
205.119
205.902
206.685
207.466
208.247
209.026
209.804
210.582
211.358
212.134
212.909
213.683
214.457
215.23
216.002
216.774
217.545
218.316
219.087
219.857
220.626
221.396
222.165
222.934
223.703
224.472
225.24
226.009
226.777
227.545
228.313
229.081
229.849
230.617
231.384
232.151
232.919
233.685
234.452
235.218
235.984
236.749
237.514
238.278
239.042
239.804
240.566
241.327
242.086
242.845
243.602
244.357
245.11
245.862
246.612
247.359
248.104
248.846
249.585
250.321
251.054
251.783
252.508
253.229
253.945
254.654
255.357
256.052
256.738
257.413
258.076
258.725
259.361
259.981
260.586
261.176
261.751
262.311
262.857
263.387
263.903
264.405
264.891
265.362
265.818
266.257
266.68
267.085
267.474
267.844
268.197
268.531
268.847
269.145
269.426
269.688
269.932
270.158
270.366
270.556
270.729
270.884
271.021
271.141
271.243
271.328
271.396
271.447
271.482
271.5
271.503
271.49
271.462
271.419
271.361
271.29
271.204
271.106
270.994
270.87
270.734
270.587
270.429
270.261
270.083
269.896
269.7
269.496
269.284
269.066
268.842
268.612
268.377
268.138
267.895
267.649
267.4
267.15
266.899
266.647
266.396
266.145
265.896
265.648
265.404
265.163
264.926
264.693
264.465
264.244
264.028
263.819
263.618
263.424
263.239
263.062
262.895
262.738
262.591
262.454
262.328
262.214
262.112
262.021
261.943
261.877
261.825
261.786
261.76
261.748
261.749
261.765
261.794
261.838
261.897
261.97
262.057
262.159
262.276
262.407
262.553
262.714
262.889
263.079
263.283
263.502
263.735
263.982
264.244
264.519
264.808
265.111
265.427
265.756
266.099
266.454
266.822
267.203
267.596
268.001
268.417
268.845
269.285
269.735
270.197
270.669
271.151
271.643
272.145
272.656
273.176
273.706
274.244
274.791
275.345
275.908
276.478
277.056
277.64
278.232
278.83
279.435
280.045
280.662
281.284
281.912
282.544
283.182
283.825
284.472
285.123
285.779
286.439
287.102
287.769
288.44
289.114
289.791
290.471
291.154
291.84
292.528
293.219
293.912
294.608
295.305
296.005
296.707
297.411
298.117
298.825
299.535
300.246
300.959
301.674
302.391
303.109
303.829
304.55
305.273
305.998
306.724
307.452
308.182
308.913
309.646
310.381
311.117
311.856
312.595
313.337
314.081
314.826
315.573
316.323
317.074
317.827
318.582
319.339
320.098
320.859
321.622
322.387
323.154
323.923
324.694
325.467
326.242
327.02
327.799
328.58
329.363
330.149
330.936
331.725
332.516
333.308
334.103
334.898
335.696
336.495
337.296
338.097
338.9
339.704
340.509
341.315
342.121
342.928
343.735
344.543
345.35
346.157
346.963
347.769
348.573
349.377
350.178
350.976
351.77
352.557
353.338
354.108
354.867
355.614
356.349
357.07
357.778
358.473
359.156
359.826
360.486
361.134
361.771
362.397
363.012
363.614
364.204
364.782
365.347
365.898
366.436
366.96
367.471
367.968
368.452
368.923
369.381
369.826
370.258
370.678
371.085
371.48
371.863
372.234
372.593
372.94
373.275
373.6
373.913
374.216
374.508
374.791
375.063
375.327
375.581
375.826
376.063
376.292
376.513
376.727
376.933
377.134
377.328
377.517
377.7
377.878
378.053
378.223
378.389
378.553
378.714
378.873
379.03
379.187
379.342
379.497
379.652
379.808
379.965
380.124
380.285
380.448
380.614
380.783
380.956
381.133
381.315
381.502
381.693
381.892
382.094
382.305
382.521
382.746
382.975
383.217
383.46
383.719
383.977
384.256
384.528
384.828
385.115
385.439
385.739
386.089
386.401
386.779
387.102
387.511
387.842
388.285
388.623
389.102
389.445
389.962
390.31
390.865
391.217
391.811
392.168
392.801
393.164
393.832
394.205
394.907
395.291
396.023
396.423
397.18
397.601
398.377
398.822
399.613
400.086
400.886
401.391
402.193
402.733
403.535
404.111
404.907
405.519
406.31
406.956
407.741
408.418
409.198
409.903
410.68
411.408
412.184
412.931
413.709
414.47
415.251
416.024
416.809
417.592
418.381
419.17
419.964
420.759
421.557
422.356
423.158
423.96
424.764
425.569
426.375
427.182
427.989
428.797
429.605
430.413
431.221
432.029
432.836
433.644
434.45
435.256
436.062
436.866
437.67
438.473
439.274
440.075
440.874
441.672
442.469
443.265
444.059
444.852
445.644
446.434
447.223
448.01
448.796
449.581
450.365
451.147
451.928
452.708
453.486
454.264
455.04
455.816
456.59
457.363
458.136
458.908
459.679
460.449
461.219
461.988
462.757
463.525
464.293
465.061
465.828
466.595
467.362
468.128
468.895
469.661
470.427
471.194
471.96
472.726
473.493
474.259
475.025
475.791
476.558
477.324
478.09
478.856
479.622
480.388
481.153
481.918
482.683
483.447
484.211
484.974
485.736
486.497
487.257
488.016
488.774
489.53
490.284
491.037
491.788
492.536
493.282
494.025
494.765
495.501
496.235
496.964
497.689
498.41
499.126
499.837
500.543
501.242
501.936
502.622
503.302
503.974
504.638
505.294
505.94
506.577
507.205
507.821
508.424
509.013
509.587
510.143
510.678
511.193
511.685
512.154
512.601
513.024
513.425
513.804
514.16
514.494
514.805
515.094
515.358
515.599
525.446
968.493
341082
147189
147188
153604
152840
155430
157922
