0
0
0.08333
0.16666
0.24999
0.33332
0.41665
0.49998
0.58331
0.66664
0.74997
0.8333
0.91663
0.99996
1.08329
1.16662
1.24995
1.33328
1.41661
1.49994
1.58327
1.6666
1.74993
1.83326
1.91659
1.99992
2.08325
2.16658
2.24991
2.33324
2.41657
2.4999
2.58323
2.66656
2.74989
2.83322
2.91655
2.99988
3.08321
3.16654
3.24987
3.3332
3.41653
3.49986
3.58319
3.66652
3.74985
3.83318
3.91651
3.99984
4.08317
4.1665
4.24983
4.33316
4.41649
4.49982
4.58315
4.66648
4.74981
4.83314
4.91647
4.9998
5.08313
5.16646
5.24979
5.33312
5.41645
5.49978
5.58311
5.66644
5.74977
5.8331
5.91643
5.99976
6.08309
6.16642
6.24975
6.33308
6.41641
6.49974
6.58307
6.6664
6.74973
6.83306
6.91639
6.99972
7.08305
7.16638
7.24971
7.33304
7.41637
7.4997
7.58303
7.66636
7.74969
7.83302
7.91635
7.99968
8.08301
8.16634
8.24967
8.333
8.41633
8.49966
8.58299
8.66632
8.74965
8.83298
8.91631
8.99964
9.08297
9.1663
9.24963
9.33296
9.41629
9.49962
9.58295
9.66628
9.74961
9.83294
9.91627
9.9996
10.0829
10.1663
10.2496
10.3329
10.4163
10.4996
10.5829
10.6662
10.7496
10.8329
10.9162
10.9996
11.0829
11.1662
11.2496
11.3329
11.4162
11.4995
11.5829
11.6662
11.7495
11.8329
11.9162
11.9995
12.0829
12.1662
12.2495
12.3328
12.4162
12.4995
12.5828
12.6662
12.7495
12.8328
12.9162
12.9995
13.0828
13.1661
13.2495
13.3328
13.4161
13.4995
13.5828
13.6661
13.7495
13.8328
13.9161
13.9994
14.0828
14.1661
14.2494
14.3328
14.4161
14.4994
14.5828
14.6661
14.7494
14.8327
14.9161
14.9994
15.0827
15.1661
15.2494
15.3327
15.4161
15.4994
15.5827
15.666
15.7494
15.8327
15.916
15.9994
16.0827
16.166
16.2494
16.3327
16.416
16.4993
16.5827
16.666
16.7493
16.8327
16.916
16.9993
17.0827
17.166
17.2493
17.3326
17.416
17.4993
17.5826
17.666
17.7493
17.8326
17.916
17.9993
18.0826
18.1659
18.2493
18.3326
18.4159
18.4993
18.5826
18.6659
18.7493
18.8326
18.9159
18.9992
19.0826
19.1659
19.2492
19.3326
19.4159
19.4992
19.5826
19.6659
19.7492
19.8325
19.9159
19.9992
20.0825
20.1659
20.2492
20.3325
20.4159
20.4992
20.5825
20.6658
20.7492
20.8325
20.9158
20.9992
21.0825
21.1658
21.2492
21.3325
21.4158
21.4991
21.5825
21.6658
21.7491
21.8325
21.9158
21.9991
22.0825
22.1658
22.2491
22.3324
22.4158
22.4991
22.5824
22.6658
22.7491
22.8324
22.9158
22.9991
23.0824
23.1657
23.2491
23.3324
23.4157
23.4991
23.5824
23.6657
23.7491
23.8324
23.9157
23.999
24.0824
24.1657
24.249
24.3324
24.4157
24.499
24.5824
24.6657
24.749
24.8323
24.9157
24.999
25.0823
25.1657
25.249
25.3323
25.4157
25.499
25.5823
25.6656
25.749
25.8323
25.9156
25.999
26.0823
26.1656
26.249
26.3323
26.4156
26.4989
26.5823
26.6656
26.7489
26.8323
26.9156
26.9989
27.0823
27.1656
27.2489
27.3322
27.4156
27.4989
27.5822
27.6656
27.7489
27.8322
27.9156
27.9989
28.0822
28.1655
28.2489
28.3322
28.4155
28.4989
28.5822
28.6655
28.7489
28.8322
28.9155
28.9988
29.0822
29.1655
29.2488
29.3322
29.4155
29.4988
29.5822
29.6655
29.7488
29.8321
29.9155
29.9988
30.0821
30.1655
30.2488
30.3321
30.4155
30.4988
30.5821
30.6654
30.7488
30.8321
30.9154
30.9988
31.0821
31.1654
31.2488
31.3321
31.4154
31.4987
31.5821
31.6654
31.7487
31.8321
31.9154
31.9987
32.0821
32.1654
32.2487
32.332
32.4154
32.4987
32.582
32.6654
32.7487
32.832
32.9154
32.9987
33.082
33.1653
33.2487
33.332
33.4153
33.4987
33.582
33.6653
33.7486
33.832
33.9153
33.9986
34.082
34.1653
34.2486
34.332
34.4153
34.4986
34.5819
34.6653
34.7486
34.8319
34.9153
34.9986
35.0819
35.1653
35.2486
35.3319
35.4152
35.4986
35.5819
35.6652
35.7486
35.8319
35.9152
35.9986
36.0819
36.1652
36.2485
36.3319
36.4152
36.4985
36.5819
36.6652
36.7485
36.8319
36.9152
36.9985
37.0818
37.1652
37.2485
37.3318
37.4152
37.4985
37.5818
37.6652
37.7485
37.8318
37.9151
37.9985
38.0818
38.1651
38.2485
38.3318
38.4151
38.4985
38.5818
38.6651
38.7484
38.8318
38.9151
38.9984
39.0818
39.1651
39.2484
39.3318
39.4151
39.4984
39.5817
39.6651
39.7484
39.8317
39.9151
39.9984
40.0817
40.1651
40.2484
40.3317
40.415
40.4984
40.5817
40.665
40.7484
40.8317
40.915
40.9984
41.0817
41.165
41.2483
41.3317
41.415
41.4983
41.5817
41.665
41.7483
41.8317
41.915
41.9983
42.0816
42.165
42.2483
42.3316
42.415
42.4983
42.5816
42.665
42.7483
42.8316
42.9149
42.9983
43.0816
43.1649
43.2483
43.3316
43.4149
43.4983
43.5816
43.6649
43.7482
43.8316
43.9149
43.9982
44.0816
44.1649
44.2482
44.3316
44.4149
44.4982
44.5815
44.6649
44.7482
44.8315
44.9149
44.9982
45.0815
45.1649
45.2482
45.3315
45.4148
45.4982
45.5815
45.6648
45.7482
45.8315
45.9148
45.9982
46.0815
46.1648
46.2481
46.3315
46.4148
46.4981
46.5815
46.6648
46.7481
46.8315
46.9148
46.9981
47.0814
47.1648
47.2481
47.3314
47.4148
47.4981
47.5814
47.6648
47.7481
47.8314
47.9147
47.9981
48.0814
48.1647
48.2481
48.3314
48.4147
48.4981
48.5814
48.6647
48.748
48.8314
48.9147
48.998
49.0814
49.1647
49.248
49.3314
49.4147
49.498
49.5813
49.6647
49.748
49.8313
49.9147
49.998
50.0813
50.1647
50.248
50.3313
50.4146
50.498
50.5813
50.6646
50.748
50.8313
50.9146
50.998
51.0813
51.1646
51.2479
51.3313
51.4146
51.4979
51.5813
51.6646
51.7479
51.8313
51.9146
51.9979
52.0812
52.1646
52.2479
52.3312
52.4146
52.4979
52.5812
52.6646
52.7479
52.8312
52.9145
52.9979
53.0812
53.1645
53.2479
53.3312
53.4145
53.4979
53.5812
53.6645
53.7478
53.8312
53.9145
53.9978
54.0812
54.1645
54.2478
54.3312
54.4145
54.4978
54.5811
54.6645
54.7478
54.8311
54.9145
54.9978
55.0811
55.1645
55.2478
55.3311
55.4144
55.4978
55.5811
55.6644
55.7478
55.8311
55.9144
55.9978
56.0811
56.1644
56.2477
56.3311
56.4144
56.4977
56.5811
56.6644
56.7477
56.8311
56.9144
56.9977
57.081
57.1644
57.2477
57.331
57.4144
57.4977
57.581
57.6644
57.7477
57.831
57.9143
57.9977
58.081
58.1643
58.2477
58.331
58.4143
58.4977
58.581
58.6643
58.7476
58.831
58.9143
58.9976
59.081
59.1643
59.2476
59.331
59.4143
59.4976
59.5809
59.6643
59.7476
59.8309
59.9143
59.9976
60.0809
60.1643
60.2476
60.3309
60.4142
60.4976
60.5809
60.6642
60.7476
60.8309
60.9142
60.9976
61.0809
61.1642
61.2475
61.3309
61.4142
61.4975
61.5809
61.6642
61.7475
61.8309
61.9142
61.9975
62.0808
62.1642
62.2475
62.3308
62.4142
62.4975
62.5808
62.6642
62.7475
62.8308
62.9141
62.9975
63.0808
63.1641
63.2475
63.3308
63.4141
63.4975
63.5808
63.6641
63.7474
63.8308
63.9141
63.9974
64.0808
64.1641
64.2474
64.3308
64.4141
64.4974
64.5807
64.6641
64.7474
64.8307
64.9141
64.9974
65.0807
65.1641
65.2474
65.3307
65.414
65.4974
65.5807
65.664
65.7474
65.8307
65.914
65.9974
66.0807
66.164
66.2473
66.3307
66.414
66.4973
66.5807
66.664
66.7473
66.8307
66.914
66.9973
67.0806
67.164
67.2473
67.3306
67.414
67.4973
67.5806
67.664
67.7473
67.8306
67.9139
67.9973
68.0806
68.1639
68.2473
68.3306
68.4139
68.4973
68.5806
68.6639
68.7472
68.8306
68.9139
68.9972
69.0806
69.1639
69.2472
69.3306
69.4139
69.4972
69.5805
69.6639
69.7472
69.8305
69.9139
69.9972
70.0805
70.1639
70.2472
70.3305
70.4138
70.4972
70.5805
70.6638
70.7472
70.8305
70.9138
70.9972
71.0805
71.1638
71.2471
71.3305
71.4138
71.4971
71.5805
71.6638
71.7471
71.8305
71.9138
71.9971
72.0804
72.1638
72.2471
72.3304
72.4138
72.4971
72.5804
72.6638
72.7471
72.8304
72.9137
72.9971
73.0804
73.1637
73.2471
73.3304
73.4137
73.4971
73.5804
73.6637
73.747
73.8304
73.9137
73.997
74.0804
74.1637
74.247
74.3304
74.4137
74.497
74.5803
74.6637
74.747
74.8303
74.9137
74.997
75.0803
75.1637
75.247
75.3303
75.4136
75.497
75.5803
75.6636
75.747
75.8303
75.9136
75.997
76.0803
76.1636
76.2469
76.3303
76.4136
76.4969
76.5803
76.6636
76.7469
76.8303
76.9136
76.9969
77.0802
77.1636
77.2469
77.3302
77.4136
77.4969
77.5802
77.6636
77.7469
77.8302
77.9135
77.9969
78.0802
78.1635
78.2469
78.3302
78.4135
78.4969
78.5802
78.6635
78.7468
78.8302
78.9135
78.9968
79.0802
79.1635
79.2468
79.3302
79.4135
79.4968
79.5801
79.6635
79.7468
79.8301
79.9135
79.9968
80.0801
80.1635
80.2468
80.3301
80.4134
80.4968
80.5801
80.6634
80.7468
80.8301
80.9134
80.9968
81.0801
81.1634
81.2467
81.3301
81.4134
81.4967
81.5801
81.6634
81.7467
81.8301
81.9134
81.9967
82.08
82.1634
82.2467
82.33
82.4134
82.4967
82.58
82.6634
82.7467
82.83
82.9133
82.9967
83.08
83.1633
83.2467
83.33
83.4133
83.4967
83.58
83.6633
83.7466
83.83
83.9133
83.9966
84.08
84.1633
84.2466
84.33
84.4133
84.4966
84.5799
84.6633
84.7466
84.8299
84.9133
84.9966
85.0799
85.1633
85.2466
85.3299
85.4132
85.4966
85.5799
85.6632
85.7466
85.8299
85.9132
85.9966
86.0799
86.1632
86.2465
86.3299
86.4132
86.4965
86.5799
86.6632
86.7465
86.8299
86.9132
86.9965
87.0798
87.1632
87.2465
87.3298
87.4132
87.4965
87.5798
87.6632
87.7465
87.8298
87.9131
87.9965
88.0798
88.1631
88.2465
88.3298
88.4131
88.4965
88.5798
88.6631
88.7464
88.8298
88.9131
88.9964
89.0798
89.1631
89.2464
89.3298
89.4131
89.4964
89.5797
89.6631
89.7464
89.8297
89.9131
89.9964
90.0797
90.1631
90.2464
90.3297
90.413
90.4964
90.5797
90.663
90.7464
90.8297
90.913
90.9964
91.0797
91.163
91.2463
91.3297
91.413
91.4963
91.5797
91.663
91.7463
91.8297
91.913
91.9963
92.0796
92.163
92.2463
92.3296
92.413
92.4963
92.5796
92.663
92.7463
92.8296
92.9129
92.9963
93.0796
93.1629
93.2463
93.3296
93.4129
93.4963
93.5796
93.6629
93.7463
93.8296
93.9129
93.9962
94.0796
94.1629
94.2462
94.3296
94.4129
94.4962
94.5796
94.6629
94.7462
94.8295
94.9129
94.9962
95.0795
95.1629
95.2462
95.3295
95.4129
95.4962
95.5795
95.6628
95.7462
95.8295
95.9128
95.9962
96.0795
96.1628
96.2462
96.3295
96.4128
96.4961
96.5795
96.6628
96.7461
96.8295
96.9128
96.9961
97.0795
97.1628
97.2461
97.3294
97.4128
97.4961
97.5794
97.6628
97.7461
97.8294
97.9128
97.9961
98.0794
98.1627
98.2461
98.3294
98.4127
98.4961
98.5794
98.6627
98.7461
98.8294
98.9127
98.996
99.0794
99.1627
99.246
99.3294
99.4127
99.496
99.5794
99.6627
99.746
99.8293
99.9127
99.996
100.079
100.163
100.246
100.329
100.413
100.496
100.579
100.663
100.746
100.829
100.913
100.996
101.079
101.163
101.246
101.329
101.413
101.496
101.579
101.663
101.746
101.829
101.913
101.996
102.079
102.163
102.246
102.329
102.413
102.496
102.579
102.663
102.746
102.829
102.913
102.996
103.079
103.163
103.246
103.329
103.413
103.496
103.579
103.663
103.746
103.829
103.913
103.996
104.079
104.163
104.246
104.329
104.412
104.496
104.579
104.662
104.746
104.829
104.912
104.996
105.079
105.162
105.246
105.329
105.412
105.496
105.579
105.662
105.746
105.829
105.912
105.996
106.079
106.162
106.246
106.329
106.412
106.496
106.579
106.662
106.746
106.829
106.912
106.996
107.079
107.162
107.246
107.329
107.412
107.496
107.579
107.662
107.746
107.829
107.912
107.996
108.079
108.162
108.246
108.329
108.412
108.496
108.579
108.662
108.746
108.829
108.912
108.996
109.079
109.162
109.246
109.329
109.412
109.496
109.579
109.662
109.746
109.829
109.912
109.996
110.079
110.162
110.246
110.329
110.412
110.496
110.579
110.662
110.746
110.829
110.912
110.996
111.079
111.162
111.246
111.329
111.412
111.496
111.579
111.662
111.746
111.829
111.912
111.996
112.079
112.162
112.246
112.329
112.412
112.496
112.579
112.662
112.745
112.829
112.912
112.995
113.079
113.162
113.245
113.329
113.412
113.495
113.579
113.662
113.745
113.829
113.912
113.995
114.079
114.162
114.245
114.329
114.412
114.495
114.579
114.662
114.745
114.829
114.912
114.995
115.079
115.162
115.245
115.329
115.412
115.495
115.579
115.662
115.745
115.829
115.912
115.995
116.079
116.162
116.245
116.329
116.412
116.495
116.579
116.662
116.745
116.829
116.912
116.995
117.079
117.162
117.245
117.329
117.412
117.495
117.579
117.662
117.745
117.829
117.912
117.995
118.079
118.162
118.245
118.329
118.412
118.495
118.579
118.662
118.745
118.829
118.912
118.995
119.079
119.162
119.245
119.329
119.412
119.495
119.579
119.662
119.745
119.829
119.912
119.995
120.079
120.162
120.245
120.329
120.412
120.495
120.579
120.662
120.745
120.829
120.912
120.995
121.078
121.162
121.245
121.328
121.412
121.495
121.578
121.662
121.745
121.828
121.912
121.995
122.078
122.162
122.245
122.328
122.412
122.495
122.578
122.662
122.745
122.828
122.912
122.995
123.078
123.162
123.245
123.328
123.412
123.495
123.578
123.662
123.745
123.828
123.912
123.995
124.078
124.162
124.245
124.328
124.412
124.495
124.578
124.662
124.745
124.828
124.912
124.995
125.078
125.162
125.245
125.328
125.412
125.495
125.578
125.662
125.745
125.828
125.912
125.995
126.078
126.162
126.245
126.328
126.412
126.495
126.578
126.662
126.745
126.828
126.912
126.995
127.078
127.162
127.245
127.328
127.412
127.495
127.578
127.662
127.745
127.828
127.912
127.995
128.078
128.162
128.245
128.328
128.412
128.495
128.578
128.662
128.745
128.828
128.912
128.995
129.078
129.162
129.245
129.328
129.411
129.495
129.578
129.661
129.745
129.828
129.911
129.995
130.078
130.161
130.245
130.328
130.411
130.495
130.578
130.661
130.745
130.828
130.911
130.995
131.078
131.161
131.245
131.328
131.411
131.495
131.578
131.661
131.745
131.828
131.911
131.995
132.078
132.161
132.245
132.328
132.411
132.495
132.578
132.661
132.745
132.828
132.911
132.995
133.078
133.161
133.245
133.328
133.411
133.495
133.578
133.661
133.745
133.828
133.911
133.995
134.078
134.161
134.245
134.328
134.411
134.495
134.578
134.661
134.745
134.828
134.911
134.995
135.078
135.161
135.245
135.328
135.411
135.495
135.578
135.661
135.745
135.828
135.911
135.995
136.078
136.161
136.245
136.328
136.411
136.495
136.578
136.661
136.745
136.828
136.911
136.995
137.078
137.161
137.245
137.328
137.411
137.495
137.578
137.661
137.744
137.828
137.911
137.994
138.078
138.161
138.244
138.328
138.411
138.494
138.578
138.661
138.744
138.828
138.911
138.994
139.078
139.161
139.244
139.328
139.411
139.494
139.578
139.661
139.744
139.828
139.911
139.994
140.078
140.161
140.244
140.328
140.411
140.494
140.578
140.661
140.744
140.828
140.911
140.994
141.078
141.161
141.244
141.328
141.411
141.494
141.578
141.661
141.744
141.828
141.911
141.994
142.078
142.161
142.244
142.328
142.411
142.494
142.578
142.661
142.744
142.828
142.911
142.994
143.078
143.161
143.244
143.328
143.411
143.494
143.578
143.661
143.744
143.828
143.911
143.994
144.078
144.161
144.244
144.328
144.411
144.494
144.578
144.661
144.744
144.828
144.911
144.994
145.078
145.161
145.244
145.328
145.411
145.494
145.578
145.661
145.744
145.827
145.911
145.994
146.077
146.161
146.244
146.327
146.411
146.494
146.577
146.661
146.744
146.827
146.911
146.994
147.077
147.161
147.244
147.327
147.411
147.494
147.577
147.661
147.744
147.827
147.911
147.994
148.077
148.161
148.244
148.327
148.411
148.494
148.577
148.661
148.744
148.827
148.911
148.994
149.077
149.161
149.244
149.327
149.411
149.494
149.577
149.661
149.744
149.827
149.911
149.994
150.077
150.161
150.244
150.327
150.411
150.494
150.577
150.661
150.744
150.827
150.911
150.994
151.077
151.161
151.244
151.327
151.411
151.494
151.577
151.661
151.744
151.827
151.911
151.994
152.077
152.161
152.244
152.327
152.411
152.494
152.577
152.661
152.744
152.827
152.911
152.994
153.077
153.161
153.244
153.327
153.411
153.494
153.577
153.661
153.744
153.827
153.911
153.994
154.077
154.16
154.244
154.327
154.41
154.494
154.577
154.66
154.744
154.827
154.91
154.994
155.077
155.16
155.244
155.327
155.41
155.494
155.577
155.66
155.744
155.827
155.91
155.994
156.077
156.16
156.244
156.327
156.41
156.494
156.577
156.66
156.744
156.827
156.91
156.994
157.077
157.16
157.244
157.327
157.41
157.494
157.577
157.66
157.744
157.827
157.91
157.994
158.077
158.16
158.244
158.327
158.41
158.494
158.577
158.66
158.744
158.827
158.91
158.994
159.077
159.16
159.244
159.327
159.41
159.494
159.577
159.66
159.744
159.827
159.91
159.994
160.077
160.16
160.244
160.327
160.41
160.494
160.577
160.66
160.744
160.827
160.91
160.994
161.077
161.16
161.244
161.327
161.41
161.494
161.577
161.66
161.744
161.827
161.91
161.994
162.077
162.16
162.244
162.327
162.41
162.493
162.577
162.66
162.743
162.827
162.91
162.993
163.077
163.16
163.243
163.327
163.41
163.493
163.577
163.66
163.743
163.827
163.91
163.993
164.077
164.16
164.243
164.327
164.41
164.493
164.577
164.66
164.743
164.827
164.91
164.993
165.077
165.16
165.243
165.327
165.41
165.493
165.577
165.66
165.743
165.827
165.91
165.993
166.077
166.16
166.243
166.327
166.41
166.493
166.577
166.66
166.743
166.827
166.91
166.993
167.077
167.16
167.243
167.327
167.41
167.493
167.577
167.66
167.743
167.827
167.91
167.993
168.077
168.16
168.243
168.327
168.41
168.493
168.577
168.66
168.743
168.827
168.91
168.993
169.077
169.16
169.243
169.327
169.41
169.493
169.577
169.66
169.743
169.827
169.91
169.993
170.077
170.16
170.243
170.327
170.41
170.493
170.577
170.66
170.743
170.826
170.91
170.993
171.076
171.16
171.243
171.326
171.41
171.493
171.576
171.66
171.743
171.826
171.91
171.993
172.076
172.16
172.243
172.326
172.41
172.493
172.576
172.66
172.743
172.826
172.91
172.993
173.076
173.16
173.243
173.326
173.41
173.493
173.576
173.66
173.743
173.826
173.91
173.993
174.076
174.16
174.243
174.326
174.41
174.493
174.576
174.66
174.743
174.826
174.91
174.993
175.076
175.16
175.243
175.326
175.41
175.493
175.576
175.66
175.743
175.826
175.91
175.993
176.076
176.16
176.243
176.326
176.41
176.493
176.576
176.66
176.743
176.826
176.91
176.993
177.076
177.16
177.243
177.326
177.41
177.493
177.576
177.66
177.743
177.826
177.91
177.993
178.076
178.16
178.243
178.326
178.41
178.493
178.576
178.66
178.743
178.826
178.91
178.993
179.076
179.159
179.243
179.326
179.409
179.493
179.576
179.659
179.743
179.826
179.909
179.993
180.076
180.159
180.243
180.326
180.409
180.493
180.576
180.659
180.743
180.826
180.909
180.993
181.076
181.159
181.243
181.326
181.409
181.493
181.576
181.659
181.743
181.826
181.909
181.993
182.076
182.159
182.243
182.326
182.409
182.493
182.576
182.659
182.743
182.826
182.909
182.993
183.076
183.159
183.243
183.326
183.409
183.493
183.576
183.659
183.743
183.826
183.909
183.993
184.076
184.159
184.243
184.326
184.409
184.493
184.576
184.659
184.743
184.826
184.909
184.993
185.076
185.159
185.243
185.326
185.409
185.493
185.576
185.659
185.743
185.826
185.909
185.993
186.076
186.159
186.243
186.326
186.409
186.493
186.576
186.659
186.743
186.826
186.909
186.993
187.076
187.159
187.243
187.326
187.409
187.492
187.576
187.659
187.742
187.826
187.909
187.992
188.076
188.159
188.242
188.326
188.409
188.492
188.576
188.659
188.742
188.826
188.909
188.992
189.076
189.159
189.242
189.326
189.409
189.492
189.576
189.659
189.742
189.826
189.909
189.992
190.076
190.159
190.242
190.326
190.409
190.492
190.576
190.659
190.742
190.826
190.909
190.992
191.076
191.159
191.242
191.326
191.409
191.492
191.576
191.659
191.742
191.826
191.909
191.992
192.076
192.159
192.242
192.326
192.409
192.492
192.576
192.659
192.742
192.826
192.909
192.992
193.076
193.159
193.242
193.326
193.409
193.492
193.576
193.659
193.742
193.826
193.909
193.992
194.076
194.159
194.242
194.326
194.409
194.492
194.576
194.659
194.742
194.826
194.909
194.992
195.076
195.159
195.242
195.326
195.409
195.492
195.576
195.659
195.742
195.825
195.909
195.992
196.075
196.159
196.242
196.325
196.409
196.492
196.575
196.659
196.742
196.825
196.909
196.992
197.075
197.159
197.242
197.325
197.409
197.492
197.575
197.659
197.742
197.825
197.909
197.992
198.075
198.159
198.242
198.325
198.409
198.492
198.575
198.659
198.742
198.825
198.909
198.992
199.075
199.159
199.242
199.325
199.409
199.492
199.575
199.659
199.742
199.825
199.909
199.992
200.075
200.159
200.242
200.325
200.409
200.492
200.575
200.659
200.742
200.825
200.909
200.992
201.075
201.159
201.242
201.325
201.409
201.492
201.575
201.659
201.742
201.825
201.909
201.992
202.075
202.159
202.242
202.325
202.409
202.492
202.575
202.659
202.742
202.825
202.909
202.992
203.075
203.159
203.242
203.325
203.409
203.492
203.575
203.659
203.742
203.825
203.909
203.992
204.075
204.158
204.242
204.325
204.408
204.492
204.575
204.658
204.742
204.825
204.908
204.992
205.075
205.158
205.242
205.325
205.408
205.492
205.575
205.658
205.742
205.825
205.908
205.992
206.075
206.158
206.242
206.325
206.408
206.492
206.575
206.658
206.742
206.825
206.908
206.992
207.075
207.158
207.242
207.325
207.408
207.492
207.575
207.658
207.742
207.825
207.908
207.992
208.075
208.158
208.242
208.325
208.408
208.492
208.575
208.658
208.742
208.825
208.908
208.992
209.075
209.158
209.242
209.325
209.408
209.492
209.575
209.658
209.742
209.825
209.908
209.992
210.075
210.158
210.242
210.325
210.408
210.492
210.575
210.658
210.742
210.825
210.908
210.992
211.075
211.158
211.242
211.325
211.408
211.492
211.575
211.658
211.742
211.825
211.908
211.992
212.075
212.158
212.242
212.325
212.408
212.491
212.575
212.658
212.741
212.825
212.908
212.991
213.075
213.158
213.241
213.325
213.408
213.491
213.575
213.658
213.741
213.825
213.908
213.991
214.075
214.158
214.241
214.325
214.408
214.491
214.575
214.658
214.741
214.825
214.908
214.991
215.075
215.158
215.241
215.325
215.408
215.491
215.575
215.658
215.741
215.825
215.908
215.991
216.075
216.158
216.241
216.325
216.408
216.491
216.575
216.658
216.741
216.825
216.908
216.991
217.075
217.158
217.241
217.325
217.408
217.491
217.575
217.658
217.741
217.825
217.908
217.991
218.075
218.158
218.241
218.325
218.408
218.491
218.575
218.658
218.741
218.825
218.908
218.991
219.075
219.158
219.241
219.325
219.408
219.491
219.575
219.658
219.741
219.825
219.908
219.991
220.075
220.158
220.241
220.325
220.408
220.491
220.575
220.658
220.741
220.824
220.908
220.991
221.074
221.158
221.241
221.324
221.408
221.491
221.574
221.658
221.741
221.824
221.908
221.991
222.074
222.158
222.241
222.324
222.408
222.491
222.574
222.658
222.741
222.824
222.908
222.991
223.074
223.158
223.241
223.324
223.408
223.491
223.574
223.658
223.741
223.824
223.908
223.991
224.074
224.158
224.241
224.324
224.408
224.491
224.574
224.658
224.741
224.824
224.908
224.991
225.074
225.158
225.241
225.324
225.408
225.491
225.574
225.658
225.741
225.824
225.908
225.991
226.074
226.158
226.241
226.324
226.408
226.491
226.574
226.658
226.741
226.824
226.908
226.991
227.074
227.158
227.241
227.324
227.408
227.491
227.574
227.658
227.741
227.824
227.908
227.991
228.074
228.158
228.241
228.324
228.408
228.491
228.574
228.658
228.741
228.824
228.908
228.991
229.074
229.157
229.241
229.324
229.407
229.491
229.574
229.657
229.741
229.824
229.907
229.991
230.074
230.157
230.241
230.324
230.407
230.491
230.574
230.657
230.741
230.824
230.907
230.991
231.074
231.157
231.241
231.324
231.407
231.491
231.574
231.657
231.741
231.824
231.907
231.991
232.074
232.157
232.241
232.324
232.407
232.491
232.574
232.657
232.741
232.824
232.907
232.991
233.074
233.157
233.241
233.324
233.407
233.491
233.574
233.657
233.741
233.824
233.907
233.991
234.074
234.157
234.241
234.324
234.407
234.491
234.574
234.657
234.741
234.824
234.907
234.991
235.074
235.157
235.241
235.324
235.407
235.491
235.574
235.657
235.741
235.824
235.907
235.991
236.074
236.157
236.241
236.324
236.407
236.491
236.574
236.657
236.741
236.824
236.907
236.991
237.074
237.157
237.241
237.324
237.407
237.49
237.574
237.657
237.74
237.824
237.907
237.99
238.074
238.157
238.24
238.324
238.407
238.49
238.574
238.657
238.74
238.824
238.907
238.99
239.074
239.157
239.24
239.324
239.407
239.49
239.574
239.657
239.74
239.824
239.907
239.99
240.074
240.157
240.24
240.324
240.407
240.49
240.574
240.657
240.74
240.824
240.907
240.99
241.074
241.157
241.24
241.324
241.407
241.49
241.574
241.657
241.74
241.824
241.907
241.99
242.074
242.157
242.24
242.324
242.407
242.49
242.574
242.657
242.74
242.824
242.907
242.99
243.074
243.157
243.24
243.324
243.407
243.49
243.574
243.657
243.74
243.824
243.907
243.99
244.074
244.157
244.24
244.324
244.407
244.49
244.574
244.657
244.74
244.824
244.907
244.99
245.074
245.157
245.24
245.324
245.407
245.49
245.574
245.657
245.74
245.823
245.907
245.99
246.073
246.157
246.24
246.323
246.407
246.49
246.573
246.657
246.74
246.823
246.907
246.99
247.073
247.157
247.24
247.323
247.407
247.49
247.573
247.657
247.74
247.823
247.907
247.99
248.073
248.157
248.24
248.323
248.407
248.49
248.573
248.657
248.74
248.823
248.907
248.99
249.073
249.157
249.24
249.323
249.407
249.49
249.573
249.657
249.74
249.823
249.907
249.99
250.073
250.157
250.24
250.323
250.407
250.49
250.573
250.657
250.74
250.823
250.907
250.99
251.073
251.157
251.24
251.323
251.407
251.49
251.573
251.657
251.74
251.823
251.907
251.99
252.073
252.157
252.24
252.323
252.407
252.49
252.573
252.657
252.74
252.823
252.907
252.99
253.073
253.157
253.24
253.323
253.407
253.49
253.573
253.657
253.74
253.823
253.907
253.99
254.073
254.156
254.24
254.323
254.406
254.49
254.573
254.656
254.74
254.823
254.906
254.99
255.073
255.156
255.24
255.323
255.406
255.49
255.573
255.656
255.74
255.823
255.906
255.99
256.073
256.156
256.24
256.323
256.406
256.49
256.573
256.656
256.74
256.823
256.906
256.99
257.073
257.156
257.24
257.323
257.406
257.49
257.573
257.656
257.74
257.823
257.906
257.99
258.073
258.156
258.24
258.323
258.406
258.49
258.573
258.656
258.74
258.823
258.906
258.99
259.073
259.156
259.24
259.323
259.406
259.49
259.573
259.656
259.74
259.823
259.906
259.99
260.073
260.156
260.24
260.323
260.406
260.49
260.573
260.656
260.74
260.823
260.906
260.99
261.073
261.156
261.24
261.323
261.406
261.49
261.573
261.656
261.74
261.823
261.906
261.99
262.073
262.156
262.24
262.323
262.406
262.489
262.573
262.656
262.739
262.823
262.906
262.989
263.073
263.156
263.239
263.323
263.406
263.489
263.573
263.656
263.739
263.823
263.906
263.989
264.073
264.156
264.239
264.323
264.406
264.489
264.573
264.656
264.739
264.823
264.906
264.989
265.073
265.156
265.239
265.323
265.406
265.489
265.573
265.656
265.739
265.823
265.906
265.989
266.073
266.156
266.239
266.323
266.406
266.489
266.573
266.656
266.739
266.823
266.906
266.989
267.073
267.156
267.239
267.323
267.406
267.489
267.573
267.656
267.739
267.823
267.906
267.989
268.073
268.156
268.239
268.323
268.406
268.489
268.573
268.656
268.739
268.823
268.906
268.989
269.073
269.156
269.239
269.323
269.406
269.489
269.573
269.656
269.739
269.823
269.906
269.989
270.073
270.156
270.239
270.323
270.406
270.489
270.573
270.656
270.739
270.822
270.906
270.989
271.072
271.156
271.239
271.322
271.406
271.489
271.572
271.656
271.739
271.822
271.906
271.989
272.072
272.156
272.239
272.322
272.406
272.489
272.572
272.656
272.739
272.822
272.906
272.989
273.072
273.156
273.239
273.322
273.406
273.489
273.572
273.656
273.739
273.822
273.906
273.989
274.072
274.156
274.239
274.322
274.406
274.489
274.572
274.656
274.739
274.822
274.906
274.989
275.072
275.156
275.239
275.322
275.406
275.489
275.572
275.656
275.739
275.822
275.906
275.989
276.072
276.156
276.239
276.322
276.406
276.489
276.572
276.656
276.739
276.822
276.906
276.989
277.072
277.156
277.239
277.322
277.406
277.489
277.572
277.656
277.739
277.822
277.906
277.989
278.072
278.156
278.239
278.322
278.406
278.489
278.572
278.656
278.739
278.822
278.906
278.989
279.072
279.155
279.239
279.322
279.405
279.489
279.572
279.655
279.739
279.822
279.905
279.989
280.072
280.155
280.239
280.322
280.405
280.489
280.572
280.655
280.739
280.822
280.905
280.989
281.072
281.155
281.239
281.322
281.405
281.489
281.572
281.655
281.739
281.822
281.905
281.989
282.072
282.155
282.239
282.322
282.405
282.489
282.572
282.655
282.739
282.822
282.905
282.989
283.072
283.155
283.239
283.322
283.405
283.489
283.572
283.655
283.739
283.822
283.905
283.989
284.072
284.155
284.239
284.322
284.405
284.489
284.572
284.655
284.739
284.822
284.905
284.989
285.072
285.155
285.239
285.322
285.405
285.489
285.572
285.655
285.739
285.822
285.905
285.989
286.072
286.155
286.239
286.322
286.405
286.489
286.572
286.655
286.739
286.822
286.905
286.989
287.072
287.155
287.239
287.322
287.405
287.488
287.572
287.655
287.738
287.822
287.905
287.988
288.072
288.155
288.238
288.322
288.405
288.488
288.572
288.655
288.738
288.822
288.905
288.988
289.072
289.155
289.238
289.322
289.405
289.488
289.572
289.655
289.738
289.822
289.905
289.988
290.072
290.155
290.238
290.322
290.405
290.488
290.572
290.655
290.738
290.822
290.905
290.988
291.072
291.155
291.238
291.322
291.405
291.488
291.572
291.655
291.738
291.822
291.905
291.988
292.072
292.155
292.238
292.322
292.405
292.488
292.572
292.655
292.738
292.822
292.905
292.988
293.072
293.155
293.238
293.322
293.405
293.488
293.572
293.655
293.738
293.822
293.905
293.988
294.072
294.155
294.238
294.322
294.405
294.488
294.572
294.655
294.738
294.822
294.905
294.988
295.072
295.155
295.238
295.322
295.405
295.488
295.572
295.655
295.738
295.821
295.905
295.988
296.071
296.155
296.238
296.321
296.405
296.488
296.571
296.655
296.738
296.821
296.905
296.988
297.071
297.155
297.238
297.321
297.405
297.488
297.571
297.655
297.738
297.821
297.905
297.988
298.071
298.155
298.238
298.321
298.405
298.488
298.571
298.655
298.738
298.821
298.905
298.988
299.071
299.155
299.238
299.321
299.405
299.488
299.571
299.655
299.738
299.821
299.905
299.988
300.071
300.155
300.238
300.321
300.405
300.488
300.571
300.655
300.738
300.821
300.905
300.988
301.071
301.155
301.238
301.321
301.405
301.488
301.571
301.655
301.738
301.821
301.905
301.988
302.071
302.155
302.238
302.321
302.405
302.488
302.571
302.655
302.738
302.821
302.905
302.988
303.071
303.155
303.238
303.321
303.405
303.488
303.571
303.655
303.738
303.821
303.905
303.988
304.071
304.154
304.238
304.321
304.404
304.488
304.571
304.654
304.738
304.821
304.904
304.988
305.071
305.154
305.238
305.321
305.404
305.488
305.571
305.654
305.738
305.821
305.904
305.988
306.071
306.154
306.238
306.321
306.404
306.488
306.571
306.654
306.738
306.821
306.904
306.988
307.071
307.154
307.238
307.321
307.404
307.488
307.571
307.654
307.738
307.821
307.904
307.988
308.071
308.154
308.238
308.321
308.404
308.488
308.571
308.654
308.738
308.821
308.904
308.988
309.071
309.154
309.238
309.321
309.404
309.488
309.571
309.654
309.738
309.821
309.904
309.988
310.071
310.154
310.238
310.321
310.404
310.488
310.571
310.654
310.738
310.821
310.904
310.988
311.071
311.154
311.238
311.321
311.404
311.488
311.571
311.654
311.738
311.821
311.904
311.988
312.071
312.154
312.238
312.321
312.404
312.487
312.571
312.654
312.737
312.821
312.904
312.987
313.071
313.154
313.237
313.321
313.404
313.487
313.571
313.654
313.737
313.821
313.904
313.987
314.071
314.154
314.237
314.321
314.404
314.487
314.571
314.654
314.737
314.821
314.904
314.987
315.071
315.154
315.237
315.321
315.404
315.487
315.571
315.654
315.737
315.821
315.904
315.987
316.071
316.154
316.237
316.321
316.404
316.487
316.571
316.654
316.737
316.821
316.904
316.987
317.071
317.154
317.237
317.321
317.404
317.487
317.571
317.654
317.737
317.821
317.904
317.987
318.071
318.154
318.237
318.321
318.404
318.487
318.571
318.654
318.737
318.821
318.904
318.987
319.071
319.154
319.237
319.321
319.404
319.487
319.571
319.654
319.737
319.821
319.904
319.987
320.071
320.154
320.237
320.321
320.404
320.487
320.571
320.654
320.737
320.82
320.904
320.987
321.07
321.154
321.237
321.32
321.404
321.487
321.57
321.654
321.737
321.82
321.904
321.987
322.07
322.154
322.237
322.32
322.404
322.487
322.57
322.654
322.737
322.82
322.904
322.987
323.07
323.154
323.237
323.32
323.404
323.487
323.57
323.654
323.737
323.82
323.904
323.987
324.07
324.154
324.237
324.32
324.404
324.487
324.57
324.654
324.737
324.82
324.904
324.987
325.07
325.154
325.237
325.32
325.404
325.487
325.57
325.654
325.737
325.82
325.904
325.987
326.07
326.154
326.237
326.32
326.404
326.487
326.57
326.654
326.737
326.82
326.904
326.987
327.07
327.154
327.237
327.32
327.404
327.487
327.57
327.654
327.737
327.82
327.904
327.987
328.07
328.154
328.237
328.32
328.404
328.487
328.57
328.654
328.737
328.82
328.904
328.987
329.07
329.153
329.237
329.32
329.403
329.487
329.57
329.653
329.737
329.82
329.903
329.987
330.07
330.153
330.237
330.32
330.403
330.487
330.57
330.653
330.737
330.82
330.903
330.987
331.07
331.153
331.237
331.32
331.403
331.487
331.57
331.653
331.737
331.82
331.903
331.987
332.07
332.153
332.237
332.32
332.403
332.487
332.57
332.653
332.737
332.82
332.903
332.987
333.07
333.153
333.237
333.32
333.403
333.487
333.57
333.653
333.737
333.82
333.903
333.987
334.07
334.153
334.237
334.32
334.403
334.487
334.57
334.653
334.737
334.82
334.903
334.987
335.07
335.153
335.237
335.32
335.403
335.487
335.57
335.653
335.737
335.82
335.903
335.987
336.07
336.153
336.237
336.32
336.403
336.487
336.57
336.653
336.737
336.82
336.903
336.987
337.07
337.153
337.237
337.32
337.403
337.486
337.57
337.653
337.736
337.82
337.903
337.986
338.07
338.153
338.236
338.32
338.403
338.486
338.57
338.653
338.736
338.82
338.903
338.986
339.07
339.153
339.236
339.32
339.403
339.486
339.57
339.653
339.736
339.82
339.903
339.986
340.07
340.153
340.236
340.32
340.403
340.486
340.57
340.653
340.736
340.82
340.903
340.986
341.07
341.153
341.236
341.32
341.403
341.486
341.57
341.653
341.736
341.82
341.903
341.986
342.07
342.153
342.236
342.32
342.403
342.486
342.57
342.653
342.736
342.82
342.903
342.986
343.07
343.153
343.236
343.32
343.403
343.486
343.57
343.653
343.736
343.82
343.903
343.986
344.07
344.153
344.236
344.32
344.403
344.486
344.57
344.653
344.736
344.82
344.903
344.986
345.07
345.153
345.236
345.32
345.403
345.486
345.57
345.653
345.736
345.819
345.903
345.986
346.069
346.153
346.236
346.319
346.403
346.486
346.569
346.653
346.736
346.819
346.903
346.986
347.069
347.153
347.236
347.319
347.403
347.486
347.569
347.653
347.736
347.819
347.903
347.986
348.069
348.153
348.236
348.319
348.403
348.486
348.569
348.653
348.736
348.819
348.903
348.986
349.069
349.153
349.236
349.319
349.403
349.486
349.569
349.653
349.736
349.819
349.903
349.986
350.069
350.153
350.236
350.319
350.403
350.486
350.569
350.653
350.736
350.819
350.903
350.986
351.069
351.153
351.236
351.319
351.403
351.486
351.569
351.653
351.736
351.819
351.903
351.986
352.069
352.153
352.236
352.319
352.403
352.486
352.569
352.653
352.736
352.819
352.903
352.986
353.069
353.153
353.236
353.319
353.403
353.486
353.569
353.653
353.736
353.819
353.903
353.986
354.069
354.152
354.236
354.319
354.402
354.486
354.569
354.652
354.736
354.819
354.902
354.986
355.069
355.152
355.236
355.319
355.402
355.486
355.569
355.652
355.736
355.819
355.902
355.986
356.069
356.152
356.236
356.319
356.402
356.486
356.569
356.652
356.736
356.819
356.902
356.986
357.069
357.152
357.236
357.319
357.402
357.486
357.569
357.652
357.736
357.819
357.902
357.986
358.069
358.152
358.236
358.319
358.402
358.486
358.569
358.652
358.736
358.819
358.902
358.986
359.069
359.152
359.236
359.319
359.402
359.486
359.569
359.652
359.736
359.819
359.902
359.986
360.069
360.152
360.236
360.319
360.402
360.486
360.569
360.652
360.736
360.819
360.902
360.986
361.069
361.152
361.236
361.319
361.402
361.486
361.569
361.652
361.736
361.819
361.902
361.986
362.069
362.152
362.236
362.319
362.402
362.485
362.569
362.652
362.735
362.819
362.902
362.985
363.069
363.152
363.235
363.319
363.402
363.485
363.569
363.652
363.735
363.819
363.902
363.985
364.069
364.152
364.235
364.319
364.402
364.485
364.569
364.652
364.735
364.819
364.902
364.985
365.069
365.152
365.235
365.319
365.402
365.485
365.569
365.652
365.735
365.819
365.902
365.985
366.069
366.152
366.235
366.319
366.402
366.485
366.569
366.652
366.735
366.819
366.902
366.985
367.069
367.152
367.235
367.319
367.402
367.485
367.569
367.652
367.735
367.819
367.902
367.985
368.069
368.152
368.235
368.319
368.402
368.485
368.569
368.652
368.735
368.819
368.902
368.985
369.069
369.152
369.235
369.319
369.402
369.485
369.569
369.652
369.735
369.819
369.902
369.985
370.069
370.152
370.235
370.319
370.402
370.485
370.569
370.652
370.735
370.818
370.902
370.985
371.068
371.152
371.235
371.318
371.402
371.485
371.568
371.652
371.735
371.818
371.902
371.985
372.068
372.152
372.235
372.318
372.402
372.485
372.568
372.652
372.735
372.818
372.902
372.985
373.068
373.152
373.235
373.318
373.402
373.485
373.568
373.652
373.735
373.818
373.902
373.985
374.068
374.152
374.235
374.318
374.402
374.485
374.568
374.652
374.735
374.818
374.902
374.985
375.068
375.152
375.235
375.318
375.402
375.485
375.568
375.652
375.735
375.818
375.902
375.985
376.068
376.152
376.235
376.318
376.402
376.485
376.568
376.652
376.735
376.818
376.902
376.985
377.068
377.152
377.235
377.318
377.402
377.485
377.568
377.652
377.735
377.818
377.902
377.985
378.068
378.152
378.235
378.318
378.402
378.485
378.568
378.652
378.735
378.818
378.902
378.985
379.068
379.151
379.235
379.318
379.401
379.485
379.568
379.651
379.735
379.818
379.901
379.985
380.068
380.151
380.235
380.318
380.401
380.485
380.568
380.651
380.735
380.818
380.901
380.985
381.068
381.151
381.235
381.318
381.401
381.485
381.568
381.651
381.735
381.818
381.901
381.985
382.068
382.151
382.235
382.318
382.401
382.485
382.568
382.651
382.735
382.818
382.901
382.985
383.068
383.151
383.235
383.318
383.401
383.485
383.568
383.651
383.735
383.818
383.901
383.985
384.068
384.151
384.235
384.318
384.401
384.485
384.568
384.651
384.735
384.818
384.901
384.985
385.068
385.151
385.235
385.318
385.401
385.485
385.568
385.651
385.735
385.818
385.901
385.985
386.068
386.151
386.235
386.318
386.401
386.485
386.568
386.651
386.735
386.818
386.901
386.985
387.068
387.151
387.235
387.318
387.401
387.484
387.568
387.651
387.734
387.818
387.901
387.984
388.068
388.151
388.234
388.318
388.401
388.484
388.568
388.651
388.734
388.818
388.901
388.984
389.068
389.151
389.234
389.318
389.401
389.484
389.568
389.651
389.734
389.818
389.901
389.984
390.068
390.151
390.234
390.318
390.401
390.484
390.568
390.651
390.734
390.818
390.901
390.984
391.068
391.151
391.234
391.318
391.401
391.484
391.568
391.651
391.734
391.818
391.901
391.984
392.068
392.151
392.234
392.318
392.401
392.484
392.568
392.651
392.734
392.818
392.901
392.984
393.068
393.151
393.234
393.318
393.401
393.484
393.568
393.651
393.734
393.818
393.901
393.984
394.068
394.151
394.234
394.318
394.401
394.484
394.568
394.651
394.734
394.818
394.901
394.984
395.068
395.151
395.234
395.318
395.401
395.484
395.568
395.651
395.734
395.817
395.901
395.984
396.067
396.151
396.234
396.317
396.401
396.484
396.567
396.651
396.734
396.817
396.901
396.984
397.067
397.151
397.234
397.317
397.401
397.484
397.567
397.651
397.734
397.817
397.901
397.984
398.067
398.151
398.234
398.317
398.401
398.484
398.567
398.651
398.734
398.817
398.901
398.984
399.067
399.151
399.234
399.317
399.401
399.484
399.567
399.651
399.734
399.817
399.901
399.984
400.067
400.151
400.234
400.317
400.401
400.484
400.567
400.651
400.734
400.817
400.901
400.984
401.067
401.151
401.234
401.317
401.401
401.484
401.567
401.651
401.734
401.817
401.901
401.984
402.067
402.151
402.234
402.317
402.401
402.484
402.567
402.651
402.734
402.817
402.901
402.984
403.067
403.151
403.234
403.317
403.401
403.484
403.567
403.651
403.734
403.817
403.901
403.984
404.067
404.15
404.234
404.317
404.4
404.484
404.567
404.65
404.734
404.817
404.9
404.984
405.067
405.15
405.234
405.317
405.4
405.484
405.567
405.65
405.734
405.817
405.9
405.984
406.067
406.15
406.234
406.317
406.4
406.484
406.567
406.65
406.734
406.817
406.9
406.984
407.067
407.15
407.234
407.317
407.4
407.484
407.567
407.65
407.734
407.817
407.9
407.984
408.067
408.15
408.234
408.317
408.4
408.484
408.567
408.65
408.734
408.817
408.9
408.984
409.067
409.15
409.234
409.317
409.4
409.484
409.567
409.65
409.734
409.817
409.9
409.984
410.067
410.15
410.234
410.317
410.4
410.484
410.567
410.65
410.734
410.817
410.9
410.984
411.067
411.15
411.234
411.317
411.4
411.484
411.567
411.65
411.734
411.817
411.9
411.984
412.067
412.15
412.234
412.317
412.4
412.483
412.567
412.65
412.733
412.817
412.9
412.983
413.067
413.15
413.233
413.317
413.4
413.483
413.567
413.65
413.733
413.817
413.9
413.983
414.067
414.15
414.233
414.317
414.4
414.483
414.567
414.65
414.733
414.817
414.9
414.983
415.067
415.15
415.233
415.317
415.4
415.483
415.567
415.65
415.733
415.817
415.9
415.983
416.067
416.15
416.233
416.317
416.4
416.483
416.567
416.65
416.733
416.817
416.9
416.983
417.067
417.15
417.233
417.317
417.4
417.483
417.567
417.65
417.733
417.817
417.9
417.983
418.067
418.15
418.233
418.317
418.4
418.483
418.567
418.65
418.733
418.817
418.9
418.983
419.067
419.15
419.233
419.317
419.4
419.483
419.567
419.65
419.733
419.817
419.9
419.983
420.067
420.15
420.233
420.317
420.4
420.483
420.567
420.65
420.733
420.816
420.9
420.983
421.066
421.15
421.233
421.316
421.4
421.483
421.566
421.65
421.733
421.816
421.9
421.983
422.066
422.15
422.233
422.316
422.4
422.483
422.566
422.65
422.733
422.816
422.9
422.983
423.066
423.15
423.233
423.316
423.4
423.483
423.566
423.65
423.733
423.816
423.9
423.983
424.066
424.15
424.233
424.316
424.4
424.483
424.566
424.65
424.733
424.816
424.9
424.983
425.066
425.15
425.233
425.316
425.4
425.483
425.566
425.65
425.733
425.816
425.9
425.983
426.066
426.15
426.233
426.316
426.4
426.483
426.566
426.65
426.733
426.816
426.9
426.983
427.066
427.15
427.233
427.316
427.4
427.483
427.566
427.65
427.733
427.816
427.9
427.983
428.066
428.15
428.233
428.316
428.4
428.483
428.566
428.65
428.733
428.816
428.9
428.983
429.066
429.149
429.233
429.316
429.399
429.483
429.566
429.649
429.733
429.816
429.899
429.983
430.066
430.149
430.233
430.316
430.399
430.483
430.566
430.649
430.733
430.816
430.899
430.983
431.066
431.149
431.233
431.316
431.399
431.483
431.566
431.649
431.733
431.816
431.899
431.983
432.066
432.149
432.233
432.316
432.399
432.483
432.566
432.649
432.733
432.816
432.899
432.983
433.066
433.149
433.233
433.316
433.399
433.483
433.566
433.649
433.733
433.816
433.899
433.983
434.066
434.149
434.233
434.316
434.399
434.483
434.566
434.649
434.733
434.816
434.899
434.983
435.066
435.149
435.233
435.316
435.399
435.483
435.566
435.649
435.733
435.816
435.899
435.983
436.066
436.149
436.233
436.316
436.399
436.483
436.566
436.649
436.733
436.816
436.899
436.983
437.066
437.149
437.233
437.316
437.399
437.482
437.566
437.649
437.732
437.816
437.899
437.982
438.066
438.149
438.232
438.316
438.399
438.482
438.566
438.649
438.732
438.816
438.899
438.982
439.066
439.149
439.232
439.316
439.399
439.482
439.566
439.649
439.732
439.816
439.899
439.982
440.066
440.149
440.232
440.316
440.399
440.482
440.566
440.649
440.732
440.816
440.899
440.982
441.066
441.149
441.232
441.316
441.399
441.482
441.566
441.649
441.732
441.816
441.899
441.982
442.066
442.149
442.232
442.316
442.399
442.482
442.566
442.649
442.732
442.816
442.899
442.982
443.066
443.149
443.232
443.316
443.399
443.482
443.566
443.649
443.732
443.816
443.899
443.982
444.066
444.149
444.232
444.316
444.399
444.482
444.566
444.649
444.732
444.816
444.899
444.982
445.066
445.149
445.232
445.316
445.399
445.482
445.566
445.649
445.732
445.815
445.899
445.982
446.065
446.149
446.232
446.315
446.399
446.482
446.565
446.649
446.732
446.815
446.899
446.982
447.065
447.149
447.232
447.315
447.399
447.482
447.565
447.649
447.732
447.815
447.899
447.982
448.065
448.149
448.232
448.315
448.399
448.482
448.565
448.649
448.732
448.815
448.899
448.982
449.065
449.149
449.232
449.315
449.399
449.482
449.565
449.649
449.732
449.815
449.899
449.982
450.065
450.149
450.232
450.315
450.399
450.482
450.565
450.649
450.732
450.815
450.899
450.982
451.065
451.149
451.232
451.315
451.399
451.482
451.565
451.649
451.732
451.815
451.899
451.982
452.065
452.149
452.232
452.315
452.399
452.482
452.565
452.649
452.732
452.815
452.899
452.982
453.065
453.149
453.232
453.315
453.399
453.482
453.565
453.649
453.732
453.815
453.899
453.982
454.065
454.148
454.232
454.315
454.398
454.482
454.565
454.648
454.732
454.815
454.898
454.982
455.065
455.148
455.232
455.315
455.398
455.482
455.565
455.648
455.732
455.815
455.898
455.982
456.065
456.148
456.232
456.315
456.398
456.482
456.565
456.648
456.732
456.815
456.898
456.982
457.065
457.148
457.232
457.315
457.398
457.482
457.565
457.648
457.732
457.815
457.898
457.982
458.065
458.148
458.232
458.315
458.398
458.482
458.565
458.648
458.732
458.815
458.898
458.982
459.065
459.148
459.232
459.315
459.398
459.482
459.565
459.648
459.732
459.815
459.898
459.982
460.065
460.148
460.232
460.315
460.398
460.482
460.565
460.648
460.732
460.815
460.898
460.982
461.065
461.148
461.232
461.315
461.398
461.482
461.565
461.648
461.732
461.815
461.898
461.982
462.065
462.148
462.232
462.315
462.398
462.481
462.565
462.648
462.731
462.815
462.898
462.981
463.065
463.148
463.231
463.315
463.398
463.481
463.565
463.648
463.731
463.815
463.898
463.981
464.065
464.148
464.231
464.315
464.398
464.481
464.565
464.648
464.731
464.815
464.898
464.981
465.065
465.148
465.231
465.315
465.398
465.481
465.565
465.648
465.731
465.815
465.898
465.981
466.065
466.148
466.231
466.315
466.398
466.481
466.565
466.648
466.731
466.815
466.898
466.981
467.065
467.148
467.231
467.315
467.398
467.481
467.565
467.648
467.731
467.815
467.898
467.981
468.065
468.148
468.231
468.315
468.398
468.481
468.565
468.648
468.731
468.815
468.898
468.981
469.065
469.148
469.231
469.315
469.398
469.481
469.565
469.648
469.731
469.815
469.898
469.981
470.065
470.148
470.231
470.315
470.398
470.481
470.565
470.648
470.731
470.814
470.898
470.981
471.064
471.148
471.231
471.314
471.398
471.481
471.564
471.648
471.731
471.814
471.898
471.981
472.064
472.148
472.231
472.314
472.398
472.481
472.564
472.648
472.731
472.814
472.898
472.981
473.064
473.148
473.231
473.314
473.398
473.481
473.564
473.648
473.731
473.814
473.898
473.981
474.064
474.148
474.231
474.314
474.398
474.481
474.564
474.648
474.731
474.814
474.898
474.981
475.064
475.148
475.231
475.314
475.398
475.481
475.564
475.648
475.731
475.814
475.898
475.981
476.064
476.148
476.231
476.314
476.398
476.481
476.564
476.648
476.731
476.814
476.898
476.981
477.064
477.148
477.231
477.314
477.398
477.481
477.564
477.648
477.731
477.814
477.898
477.981
478.064
478.148
478.231
478.314
478.398
478.481
478.564
478.648
478.731
478.814
478.898
478.981
479.064
479.147
479.231
479.314
479.397
479.481
479.564
479.647
479.731
479.814
479.897
479.981
480.064
480.147
480.231
480.314
480.397
480.481
480.564
480.647
480.731
480.814
480.897
480.981
481.064
481.147
481.231
481.314
481.397
481.481
481.564
481.647
481.731
481.814
481.897
481.981
482.064
482.147
482.231
482.314
482.397
482.481
482.564
482.647
482.731
482.814
482.897
482.981
483.064
483.147
483.231
483.314
483.397
483.481
483.564
483.647
483.731
483.814
483.897
483.981
484.064
484.147
484.231
484.314
484.397
484.481
484.564
484.647
484.731
484.814
484.897
484.981
485.064
485.147
485.231
485.314
485.397
485.481
485.564
485.647
485.731
485.814
485.897
485.981
486.064
486.147
486.231
486.314
486.397
486.481
486.564
486.647
486.731
486.814
486.897
486.981
487.064
487.147
487.231
487.314
487.397
487.48
487.564
487.647
487.73
487.814
487.897
487.98
488.064
488.147
488.23
488.314
488.397
488.48
488.564
488.647
488.73
488.814
488.897
488.98
489.064
489.147
489.23
489.314
489.397
489.48
489.564
489.647
489.73
489.814
489.897
489.98
490.064
490.147
490.23
490.314
490.397
490.48
490.564
490.647
490.73
490.814
490.897
490.98
491.064
491.147
491.23
491.314
491.397
491.48
491.564
491.647
491.73
491.814
491.897
491.98
492.064
492.147
492.23
492.314
492.397
492.48
492.564
492.647
492.73
492.814
492.897
492.98
493.064
493.147
493.23
493.314
493.397
493.48
493.564
493.647
493.73
493.814
493.897
493.98
494.064
494.147
494.23
494.314
494.397
494.48
494.564
494.647
494.73
494.814
494.897
494.98
495.064
495.147
495.23
495.314
495.397
495.48
495.564
495.647
495.73
495.813
495.897
495.98
496.063
496.147
496.23
496.313
496.397
496.48
496.563
496.647
496.73
496.813
496.897
496.98
497.063
497.147
497.23
497.313
497.397
497.48
497.563
497.647
497.73
497.813
497.897
497.98
498.063
498.147
498.23
498.313
498.397
498.48
498.563
498.647
498.73
498.813
498.897
498.98
499.063
499.147
499.23
499.313
499.397
499.48
499.563
499.647
499.73
499.813
499.897
499.98
500.063
500.147
500.23
500.313
500.397
500.48
500.563
500.647
500.73
500.813
500.897
500.98
501.063
501.147
501.23
501.313
501.397
501.48
501.563
501.647
501.73
501.813
501.897
501.98
502.063
502.147
502.23
502.313
502.397
502.48
502.563
502.647
502.73
502.813
502.897
502.98
503.063
503.147
503.23
503.313
503.397
503.48
503.563
503.647
503.73
503.813
503.897
503.98
504.063
504.146
504.23
504.313
504.396
504.48
504.563
504.646
504.73
504.813
504.896
504.98
505.063
505.146
505.23
505.313
505.396
505.48
505.563
505.646
505.73
505.813
505.896
505.98
506.063
506.146
506.23
506.313
506.396
506.48
506.563
506.646
506.73
506.813
506.896
506.98
507.063
507.146
507.23
507.313
507.396
507.48
507.563
507.646
507.73
507.813
507.896
507.98
508.063
508.146
508.23
508.313
508.396
508.48
508.563
508.646
508.73
508.813
508.896
508.98
509.063
509.146
509.23
509.313
509.396
509.48
509.563
509.646
509.73
509.813
509.896
509.98
510.063
510.146
510.23
510.313
510.396
510.48
510.563
510.646
510.73
510.813
510.896
510.98
511.063
511.146
511.23
511.313
511.396
511.48
511.563
511.646
511.73
511.813
511.896
511.98
512.063
512.146
512.23
512.313
512.396
512.479
512.563
512.646
512.729
512.813
512.896
512.979
513.063
513.146
513.229
513.313
513.396
513.479
513.563
513.646
513.729
513.813
513.896
513.979
514.063
514.146
514.229
514.313
514.396
514.479
514.563
514.646
514.729
514.813
514.896
514.979
515.063
515.146
515.229
515.313
515.396
515.479
515.563
515.646
515.729
515.813
515.896
515.979
516.063
516.146
516.229
516.313
516.396
516.479
516.563
516.646
516.729
516.813
516.896
516.979
517.063
517.146
517.229
517.313
517.396
517.479
517.563
517.646
517.729
517.813
517.896
517.979
518.063
518.146
518.229
518.313
518.396
518.479
518.563
518.646
518.729
518.813
518.896
518.979
519.063
519.146
519.229
519.313
519.396
519.479
519.563
519.646
519.729
519.813
519.896
519.979
520.063
520.146
520.229
520.313
520.396
520.479
520.563
520.646
520.729
520.812
520.896
520.979
521.062
521.146
521.229
521.312
521.396
521.479
521.562
521.646
521.729
521.812
521.896
521.979
522.062
522.146
522.229
522.312
522.396
522.479
522.562
522.646
522.729
522.812
522.896
522.979
523.062
523.146
523.229
523.312
523.396
523.479
523.562
523.646
523.729
523.812
523.896
523.979
524.062
524.146
524.229
524.312
524.396
524.479
524.562
524.646
524.729
524.812
524.896
524.979
525.062
525.146
525.229
525.312
525.396
525.479
525.562
525.646
525.729
525.812
525.896
525.979
526.062
526.146
526.229
526.312
526.396
526.479
526.562
526.646
526.729
526.812
526.896
526.979
527.062
527.146
527.229
527.312
527.396
527.479
527.562
527.646
527.729
527.812
527.896
527.979
528.062
528.146
528.229
528.312
528.396
528.479
528.562
528.646
528.729
528.812
528.896
528.979
529.062
529.145
529.229
529.312
529.395
529.479
529.562
529.645
529.729
529.812
529.895
529.979
530.062
530.145
530.229
530.312
530.395
530.479
530.562
530.645
530.729
530.812
530.895
530.979
531.062
531.145
531.229
531.312
531.395
531.479
531.562
531.645
531.729
531.812
531.895
531.979
532.062
532.145
532.229
532.312
532.395
532.479
532.562
532.645
532.729
532.812
532.895
532.979
533.062
533.145
533.229
533.312
533.395
533.479
533.562
533.645
533.729
533.812
533.895
533.979
534.062
534.145
534.229
534.312
534.395
534.479
534.562
534.645
534.729
534.812
534.895
534.979
535.062
535.145
535.229
535.312
535.395
535.479
535.562
535.645
535.729
535.812
535.895
535.979
536.062
536.145
536.229
536.312
536.395
536.479
536.562
536.645
536.729
536.812
536.895
536.979
537.062
537.145
537.229
537.312
537.395
537.478
537.562
537.645
537.728
537.812
537.895
537.978
538.062
538.145
538.228
538.312
538.395
538.478
538.562
538.645
538.728
538.812
538.895
538.978
539.062
539.145
539.228
539.312
539.395
539.478
539.562
539.645
539.728
539.812
539.895
539.978
540.062
540.145
540.228
540.312
540.395
540.478
540.562
540.645
540.728
540.812
540.895
540.978
541.062
541.145
541.228
541.312
541.395
541.478
541.562
541.645
541.728
541.812
541.895
541.978
542.062
542.145
542.228
542.312
542.395
542.478
542.562
542.645
542.728
542.812
542.895
542.978
543.062
543.145
543.228
543.312
543.395
543.478
543.562
543.645
543.728
543.812
543.895
543.978
544.062
544.145
544.228
544.312
544.395
544.478
544.562
544.645
544.728
544.812
544.895
544.978
545.062
545.145
545.228
545.312
545.395
545.478
545.562
545.645
545.728
545.811
545.895
545.978
546.061
546.145
546.228
546.311
546.395
546.478
546.561
546.645
546.728
546.811
546.895
546.978
547.061
547.145
547.228
547.311
547.395
547.478
547.561
547.645
547.728
547.811
547.895
547.978
548.061
548.145
548.228
548.311
548.395
548.478
548.561
548.645
548.728
548.811
548.895
548.978
549.061
549.145
549.228
549.311
549.395
549.478
549.561
549.645
549.728
549.811
549.895
549.978
550.061
550.145
550.228
550.311
550.395
550.478
550.561
550.645
550.728
550.811
550.895
550.978
551.061
551.145
551.228
551.311
551.395
551.478
551.561
551.645
551.728
551.811
551.895
551.978
552.061
552.145
552.228
552.311
552.395
552.478
552.561
552.645
552.728
552.811
552.895
552.978
553.061
553.145
553.228
553.311
553.395
553.478
553.561
553.645
553.728
553.811
553.895
553.978
554.061
554.144
554.228
554.311
554.394
554.478
554.561
554.644
554.728
554.811
554.894
554.978
555.061
555.144
555.228
555.311
555.394
555.478
555.561
555.644
555.728
555.811
555.894
555.978
556.061
556.144
556.228
556.311
556.394
556.478
556.561
556.644
556.728
556.811
556.894
556.978
557.061
557.144
557.228
557.311
557.394
557.478
557.561
557.644
557.728
557.811
557.894
557.978
558.061
558.144
558.228
558.311
558.394
558.478
558.561
558.644
558.728
558.811
558.894
558.978
559.061
559.144
559.228
559.311
559.394
559.478
559.561
559.644
559.728
559.811
559.894
559.978
560.061
560.144
560.228
560.311
560.394
560.478
560.561
560.644
560.728
560.811
560.894
560.978
561.061
561.144
561.228
561.311
561.394
561.478
561.561
561.644
561.728
561.811
561.894
561.978
562.061
562.144
562.228
562.311
562.394
562.477
562.561
562.644
562.727
562.811
562.894
562.977
563.061
563.144
563.227
563.311
563.394
563.477
563.561
563.644
563.727
563.811
563.894
563.977
564.061
564.144
564.227
564.311
564.394
564.477
564.561
564.644
564.727
564.811
564.894
564.977
565.061
565.144
565.227
565.311
565.394
565.477
565.561
565.644
565.727
565.811
565.894
565.977
566.061
566.144
566.227
566.311
566.394
566.477
566.561
566.644
566.727
566.811
566.894
566.977
567.061
567.144
567.227
567.311
567.394
567.477
567.561
567.644
567.727
567.811
567.894
567.977
568.061
568.144
568.227
568.311
568.394
568.477
568.561
568.644
568.727
568.811
568.894
568.977
569.061
569.144
569.227
569.311
569.394
569.477
569.561
569.644
569.727
569.811
569.894
569.977
570.061
570.144
570.227
570.311
570.394
570.477
570.561
570.644
570.727
570.81
570.894
570.977
571.06
571.144
571.227
571.31
571.394
571.477
571.56
571.644
571.727
571.81
571.894
571.977
572.06
572.144
572.227
572.31
572.394
572.477
572.56
572.644
572.727
572.81
572.894
572.977
573.06
573.144
573.227
573.31
573.394
573.477
573.56
573.644
573.727
573.81
573.894
573.977
574.06
574.144
574.227
574.31
574.394
574.477
574.56
574.644
574.727
574.81
574.894
574.977
575.06
575.144
575.227
575.31
575.394
575.477
575.56
575.644
575.727
575.81
575.894
575.977
576.06
576.144
576.227
576.31
576.394
576.477
576.56
576.644
576.727
576.81
576.894
576.977
577.06
577.144
577.227
577.31
577.394
577.477
577.56
577.644
577.727
577.81
577.894
577.977
578.06
578.144
578.227
578.31
578.394
578.477
578.56
578.644
578.727
578.81
578.894
578.977
579.06
579.143
579.227
579.31
579.393
579.477
579.56
579.643
579.727
579.81
579.893
579.977
580.06
580.143
580.227
580.31
580.393
580.477
580.56
580.643
580.727
580.81
580.893
580.977
581.06
581.143
581.227
581.31
581.393
581.477
581.56
581.643
581.727
581.81
581.893
581.977
582.06
582.143
582.227
582.31
582.393
582.477
582.56
582.643
582.727
582.81
582.893
582.977
583.06
583.143
583.227
583.31
583.393
583.477
583.56
583.643
583.727
583.81
583.893
583.977
584.06
584.143
584.227
584.31
584.393
584.477
584.56
584.643
584.727
584.81
584.893
584.977
585.06
585.143
585.227
585.31
585.393
585.477
585.56
585.643
585.727
585.81
585.893
585.977
586.06
586.143
586.227
586.31
586.393
586.477
586.56
586.643
586.727
586.81
586.893
586.977
587.06
587.143
587.227
587.31
587.393
587.476
587.56
587.643
587.726
587.81
587.893
587.976
588.06
588.143
588.226
588.31
588.393
588.476
588.56
588.643
588.726
588.81
588.893
588.976
589.06
589.143
589.226
589.31
589.393
589.476
589.56
589.643
589.726
589.81
589.893
589.976
590.06
590.143
590.226
590.31
590.393
590.476
590.56
590.643
590.726
590.81
590.893
590.976
591.06
591.143
591.226
591.31
591.393
591.476
591.56
591.643
591.726
591.81
591.893
591.976
592.06
592.143
592.226
592.31
592.393
592.476
592.56
592.643
592.726
592.81
592.893
592.976
593.06
593.143
593.226
593.31
593.393
593.476
593.56
593.643
593.726
593.81
593.893
593.976
594.06
594.143
594.226
594.31
594.393
594.476
594.56
594.643
594.726
594.81
594.893
594.976
595.06
595.143
595.226
595.31
595.393
595.476
595.56
595.643
595.726
595.809
595.893
595.976
596.059
596.143
596.226
596.309
596.393
596.476
596.559
596.643
596.726
596.809
596.893
596.976
597.059
597.143
597.226
597.309
597.393
597.476
597.559
597.643
597.726
597.809
597.893
597.976
598.059
598.143
598.226
598.309
598.393
598.476
598.559
598.643
598.726
598.809
598.893
598.976
599.059
599.143
599.226
599.309
599.393
599.476
599.559
599.643
599.726
599.809
599.893
599.976
600.059
600.143
600.226
600.309
600.393
600.476
600.559
600.643
600.726
600.809
600.893
600.976
601.059
601.143
601.226
601.309
601.393
601.476
601.559
601.643
601.726
601.809
601.893
601.976
602.059
602.143
602.226
602.309
602.393
602.476
602.559
602.643
602.726
602.809
602.893
602.976
603.059
603.143
603.226
603.309
603.393
603.476
603.559
603.643
603.726
603.809
603.893
603.976
604.059
604.143
604.226
604.309
604.392
604.476
604.559
604.642
604.726
604.809
604.892
604.976
605.059
605.142
605.226
605.309
605.392
605.476
605.559
605.642
605.726
605.809
605.892
605.976
606.059
606.142
606.226
606.309
606.392
606.476
606.559
606.642
606.726
606.809
606.892
606.976
607.059
607.142
607.226
607.309
607.392
607.476
607.559
607.642
607.726
607.809
607.892
607.976
608.059
608.142
608.226
608.309
608.392
608.476
608.559
608.642
608.726
608.809
608.892
608.976
609.059
609.142
609.226
609.309
609.392
609.476
609.559
609.642
609.726
609.809
609.892
609.976
610.059
610.142
610.226
610.309
610.392
610.476
610.559
610.642
610.726
610.809
610.892
610.976
611.059
611.142
611.226
611.309
611.392
611.476
611.559
611.642
611.726
611.809
611.892
611.976
612.059
612.142
612.226
612.309
612.392
612.476
612.559
612.642
612.725
612.809
612.892
612.975
613.059
613.142
613.225
613.309
613.392
613.475
613.559
613.642
613.725
613.809
613.892
613.975
614.059
614.142
614.225
614.309
614.392
614.475
614.559
614.642
614.725
614.809
614.892
614.975
615.059
615.142
615.225
615.309
615.392
615.475
615.559
615.642
615.725
615.809
615.892
615.975
616.059
616.142
616.225
616.309
616.392
616.475
616.559
616.642
616.725
616.809
616.892
616.975
617.059
617.142
617.225
617.309
617.392
617.475
617.559
617.642
617.725
617.809
617.892
617.975
618.059
618.142
618.225
618.309
618.392
618.475
618.559
618.642
618.725
618.809
618.892
618.975
619.059
619.142
619.225
619.309
619.392
619.475
619.559
619.642
619.725
619.809
619.892
619.975
620.059
620.142
620.225
620.309
620.392
620.475
620.559
620.642
620.725
620.809
620.892
620.975
621.058
621.142
621.225
621.308
621.392
621.475
621.558
621.642
621.725
621.808
621.892
621.975
622.058
622.142
622.225
622.308
622.392
622.475
622.558
622.642
622.725
622.808
622.892
622.975
623.058
623.142
623.225
623.308
623.392
623.475
623.558
623.642
623.725
623.808
623.892
623.975
624.058
624.142
624.225
624.308
624.392
624.475
624.558
624.642
624.725
624.808
624.892
624.975
625.058
625.142
625.225
625.308
625.392
625.475
625.558
625.642
625.725
625.808
625.892
625.975
626.058
626.142
626.225
626.308
626.392
626.475
626.558
626.642
626.725
626.808
626.892
626.975
627.058
627.142
627.225
627.308
627.392
627.475
627.558
627.642
627.725
627.808
627.892
627.975
628.058
628.142
628.225
628.308
628.392
628.475
628.558
628.642
628.725
628.808
628.892
628.975
629.058
629.142
629.225
629.308
629.391
629.475
629.558
629.641
629.725
629.808
629.891
629.975
630.058
630.141
630.225
630.308
630.391
630.475
630.558
630.641
630.725
630.808
630.891
630.975
631.058
631.141
631.225
631.308
631.391
631.475
631.558
631.641
631.725
631.808
631.891
631.975
632.058
632.141
632.225
632.308
632.391
632.475
632.558
632.641
632.725
632.808
632.891
632.975
633.058
633.141
633.225
633.308
633.391
633.475
633.558
633.641
633.725
633.808
633.891
633.975
634.058
634.141
634.225
634.308
634.391
634.475
634.558
634.641
634.725
634.808
634.891
634.975
635.058
635.141
635.225
635.308
635.391
635.475
635.558
635.641
635.725
635.808
635.891
635.975
636.058
636.141
636.225
636.308
636.391
636.475
636.558
636.641
636.725
636.808
636.891
636.975
637.058
637.141
637.225
637.308
637.391
637.475
637.558
637.641
637.724
637.808
637.891
637.974
638.058
638.141
638.224
638.308
638.391
638.474
638.558
638.641
638.724
638.808
638.891
638.974
639.058
639.141
639.224
639.308
639.391
639.474
639.558
639.641
639.724
639.808
639.891
639.974
640.058
640.141
640.224
640.308
640.391
640.474
640.558
640.641
640.724
640.808
640.891
640.974
641.058
641.141
641.224
641.308
641.391
641.474
641.558
641.641
641.724
641.808
641.891
641.974
642.058
642.141
642.224
642.308
642.391
642.474
642.558
642.641
642.724
642.808
642.891
642.974
643.058
643.141
643.224
643.308
643.391
643.474
643.558
643.641
643.724
643.808
643.891
643.974
644.058
644.141
644.224
644.308
644.391
644.474
644.558
644.641
644.724
644.808
644.891
644.974
645.058
645.141
645.224
645.308
645.391
645.474
645.558
645.641
645.724
645.808
645.891
645.974
646.057
646.141
646.224
646.307
646.391
646.474
646.557
646.641
646.724
646.807
646.891
646.974
647.057
647.141
647.224
647.307
647.391
647.474
647.557
647.641
647.724
647.807
647.891
647.974
648.057
648.141
648.224
648.307
648.391
648.474
648.557
648.641
648.724
648.807
648.891
648.974
649.057
649.141
649.224
649.307
649.391
649.474
649.557
649.641
649.724
649.807
649.891
649.974
650.057
650.141
650.224
650.307
650.391
650.474
650.557
650.641
650.724
650.807
650.891
650.974
651.057
651.141
651.224
651.307
651.391
651.474
651.557
651.641
651.724
651.807
651.891
651.974
652.057
652.141
652.224
652.307
652.391
652.474
652.557
652.641
652.724
652.807
652.891
652.974
653.057
653.141
653.224
653.307
653.391
653.474
653.557
653.641
653.724
653.807
653.891
653.974
654.057
654.141
654.224
654.307
654.39
654.474
654.557
654.64
654.724
654.807
654.89
654.974
655.057
655.14
655.224
655.307
655.39
655.474
655.557
655.64
655.724
655.807
655.89
655.974
656.057
656.14
656.224
656.307
656.39
656.474
656.557
656.64
656.724
656.807
656.89
656.974
657.057
657.14
657.224
657.307
657.39
657.474
657.557
657.64
657.724
657.807
657.89
657.974
658.057
658.14
658.224
658.307
658.39
658.474
658.557
658.64
658.724
658.807
658.89
658.974
659.057
659.14
659.224
659.307
659.39
659.474
659.557
659.64
659.724
659.807
659.89
659.974
660.057
660.14
660.224
660.307
660.39
660.474
660.557
660.64
660.724
660.807
660.89
660.974
661.057
661.14
661.224
661.307
661.39
661.474
661.557
661.64
661.724
661.807
661.89
661.974
662.057
662.14
662.224
662.307
662.39
662.474
662.557
662.64
662.723
662.807
662.89
662.973
663.057
663.14
663.223
663.307
663.39
663.473
663.557
663.64
663.723
663.807
663.89
663.973
664.057
664.14
664.223
664.307
664.39
664.473
664.557
664.64
664.723
664.807
664.89
664.973
665.057
665.14
665.223
665.307
665.39
665.473
665.557
665.64
665.723
665.807
665.89
665.973
666.057
666.14
666.223
666.307
666.39
666.473
666.557
666.64
666.723
666.807
666.89
666.973
667.057
667.14
667.223
667.307
667.39
667.473
667.557
667.64
667.723
667.807
667.89
667.973
668.057
668.14
668.223
668.307
668.39
668.473
668.557
668.64
668.723
668.807
668.89
668.973
669.057
669.14
669.223
669.307
669.39
669.473
669.557
669.64
669.723
669.807
669.89
669.973
670.057
670.14
670.223
670.307
670.39
670.473
670.557
670.64
670.723
670.807
670.89
670.973
671.056
671.14
671.223
671.306
671.39
671.473
671.556
671.64
671.723
671.806
671.89
671.973
672.056
672.14
672.223
672.306
672.39
672.473
672.556
672.64
672.723
672.806
672.89
672.973
673.056
673.14
673.223
673.306
673.39
673.473
673.556
673.64
673.723
673.806
673.89
673.973
674.056
674.14
674.223
674.306
674.39
674.473
674.556
674.64
674.723
674.806
674.89
674.973
675.056
675.14
675.223
675.306
675.39
675.473
675.556
675.64
675.723
675.806
675.89
675.973
676.056
676.14
676.223
676.306
676.39
676.473
676.556
676.64
676.723
676.806
676.89
676.973
677.056
677.14
677.223
677.306
677.39
677.473
677.556
677.64
677.723
677.806
677.89
677.973
678.056
678.14
678.223
678.306
678.39
678.473
678.556
678.64
678.723
678.806
678.89
678.973
679.056
679.14
679.223
679.306
679.389
679.473
679.556
679.639
679.723
679.806
679.889
679.973
680.056
680.139
680.223
680.306
680.389
680.473
680.556
680.639
680.723
680.806
680.889
680.973
681.056
681.139
681.223
681.306
681.389
681.473
681.556
681.639
681.723
681.806
681.889
681.973
682.056
682.139
682.223
682.306
682.389
682.473
682.556
682.639
682.723
682.806
682.889
682.973
683.056
683.139
683.223
683.306
683.389
683.473
683.556
683.639
683.723
683.806
683.889
683.973
684.056
684.139
684.223
684.306
684.389
684.473
684.556
684.639
684.723
684.806
684.889
684.973
685.056
685.139
685.223
685.306
685.389
685.473
685.556
685.639
685.723
685.806
685.889
685.973
686.056
686.139
686.223
686.306
686.389
686.473
686.556
686.639
686.723
686.806
686.889
686.973
687.056
687.139
687.223
687.306
687.389
687.473
687.556
687.639
687.722
687.806
687.889
687.972
688.056
688.139
688.222
688.306
688.389
688.472
688.556
688.639
688.722
688.806
688.889
688.972
689.056
689.139
689.222
689.306
689.389
689.472
689.556
689.639
689.722
689.806
689.889
689.972
690.056
690.139
690.222
690.306
690.389
690.472
690.556
690.639
690.722
690.806
690.889
690.972
691.056
691.139
691.222
691.306
691.389
691.472
691.556
691.639
691.722
691.806
691.889
691.972
692.056
692.139
692.222
692.306
692.389
692.472
692.556
692.639
692.722
692.806
692.889
692.972
693.056
693.139
693.222
693.306
693.389
693.472
693.556
693.639
693.722
693.806
693.889
693.972
694.056
694.139
694.222
694.306
694.389
694.472
694.556
694.639
694.722
694.806
694.889
694.972
695.056
695.139
695.222
695.306
695.389
695.472
695.556
695.639
695.722
695.806
695.889
695.972
696.055
696.139
696.222
696.305
696.389
696.472
696.555
696.639
696.722
696.805
696.889
696.972
697.055
697.139
697.222
697.305
697.389
697.472
697.555
697.639
697.722
697.805
697.889
697.972
698.055
698.139
698.222
698.305
698.389
698.472
698.555
698.639
698.722
698.805
698.889
698.972
699.055
699.139
699.222
699.305
699.389
699.472
699.555
699.639
699.722
699.805
699.889
699.972
700.055
700.139
700.222
700.305
700.389
700.472
700.555
700.639
700.722
700.805
700.889
700.972
701.055
701.139
701.222
701.305
701.389
701.472
701.555
701.639
701.722
701.805
701.889
701.972
702.055
702.139
702.222
702.305
702.389
702.472
702.555
702.639
702.722
702.805
702.889
702.972
703.055
703.139
703.222
703.305
703.389
703.472
703.555
703.639
703.722
703.805
703.889
703.972
704.055
704.139
704.222
704.305
704.388
704.472
704.555
704.638
704.722
704.805
704.888
704.972
705.055
705.138
705.222
705.305
705.388
705.472
705.555
705.638
705.722
705.805
705.888
705.972
706.055
706.138
706.222
706.305
706.388
706.472
706.555
706.638
706.722
706.805
706.888
706.972
707.055
707.138
707.222
707.305
707.388
707.472
707.555
707.638
707.722
707.805
707.888
707.972
708.055
708.138
708.222
708.305
708.388
708.472
708.555
708.638
708.722
708.805
708.888
708.972
709.055
709.138
709.222
709.305
709.388
709.472
709.555
709.638
709.722
709.805
709.888
709.972
710.055
710.138
710.222
710.305
710.388
710.472
710.555
710.638
710.722
710.805
710.888
710.972
711.055
711.138
711.222
711.305
711.388
711.472
711.555
711.638
711.722
711.805
711.888
711.972
712.055
712.138
712.222
712.305
712.388
712.472
712.555
712.638
712.721
712.805
712.888
712.971
713.055
713.138
713.221
713.305
713.388
713.471
713.555
713.638
713.721
713.805
713.888
713.971
714.055
714.138
714.221
714.305
714.388
714.471
714.555
714.638
714.721
714.805
714.888
714.971
715.055
715.138
715.221
715.305
715.388
715.471
715.555
715.638
715.721
715.805
715.888
715.971
716.055
716.138
716.221
716.305
716.388
716.471
716.555
716.638
716.721
716.805
716.888
716.971
717.055
717.138
717.221
717.305
717.388
717.471
717.555
717.638
717.721
717.805
717.888
717.971
718.055
718.138
718.221
718.305
718.388
718.471
718.555
718.638
718.721
718.805
718.888
718.971
719.055
719.138
719.221
719.305
719.388
719.471
719.555
719.638
719.721
719.805
719.888
719.971
720.055
720.138
720.221
720.305
720.388
720.471
720.555
720.638
720.721
720.805
720.888
720.971
721.054
721.138
721.221
721.304
721.388
721.471
721.554
721.638
721.721
721.804
721.888
721.971
722.054
722.138
722.221
722.304
722.388
722.471
722.554
722.638
722.721
722.804
722.888
722.971
723.054
723.138
723.221
723.304
723.388
723.471
723.554
723.638
723.721
723.804
723.888
723.971
724.054
724.138
724.221
724.304
724.388
724.471
724.554
724.638
724.721
724.804
724.888
724.971
725.054
725.138
725.221
725.304
725.388
725.471
725.554
725.638
725.721
725.804
725.888
725.971
726.054
726.138
726.221
726.304
726.388
726.471
726.554
726.638
726.721
726.804
726.888
726.971
727.054
727.138
727.221
727.304
727.388
727.471
727.554
727.638
727.721
727.804
727.888
727.971
728.054
728.138
728.221
728.304
728.388
728.471
728.554
728.638
728.721
728.804
728.888
728.971
729.054
729.138
729.221
729.304
729.387
729.471
729.554
729.637
729.721
729.804
729.887
729.971
730.054
730.137
730.221
730.304
730.387
730.471
730.554
730.637
730.721
730.804
730.887
730.971
731.054
731.137
731.221
731.304
731.387
731.471
731.554
731.637
731.721
731.804
731.887
731.971
732.054
732.137
732.221
732.304
732.387
732.471
732.554
732.637
732.721
732.804
732.887
732.971
733.054
733.137
733.221
733.304
733.387
733.471
733.554
733.637
733.721
733.804
733.887
733.971
734.054
734.137
734.221
734.304
734.387
734.471
734.554
734.637
734.721
734.804
734.887
734.971
735.054
735.137
735.221
735.304
735.387
735.471
735.554
735.637
735.721
735.804
735.887
735.971
736.054
736.137
736.221
736.304
736.387
736.471
736.554
736.637
736.721
736.804
736.887
736.971
737.054
737.137
737.221
737.304
737.387
737.471
737.554
737.637
737.72
737.804
737.887
737.97
738.054
738.137
738.22
738.304
738.387
738.47
738.554
738.637
738.72
738.804
738.887
738.97
739.054
739.137
739.22
739.304
739.387
739.47
739.554
739.637
739.72
739.804
739.887
739.97
740.054
740.137
740.22
740.304
740.387
740.47
740.554
740.637
740.72
740.804
740.887
740.97
741.054
741.137
741.22
741.304
741.387
741.47
741.554
741.637
741.72
741.804
741.887
741.97
742.054
742.137
742.22
742.304
742.387
742.47
742.554
742.637
742.72
742.804
742.887
742.97
743.054
743.137
743.22
743.304
743.387
743.47
743.554
743.637
743.72
743.804
743.887
743.97
744.054
744.137
744.22
744.304
744.387
744.47
744.554
744.637
744.72
744.804
744.887
744.97
745.054
745.137
745.22
745.304
745.387
745.47
745.554
745.637
745.72
745.804
745.887
745.97
746.053
746.137
746.22
746.303
746.387
746.47
746.553
746.637
746.72
746.803
746.887
746.97
747.053
747.137
747.22
747.303
747.387
747.47
747.553
747.637
747.72
747.803
747.887
747.97
748.053
748.137
748.22
748.303
748.387
748.47
748.553
748.637
748.72
748.803
748.887
748.97
749.053
749.137
749.22
749.303
749.387
749.47
749.553
749.637
749.72
749.803
749.887
749.97
750.053
750.137
750.22
750.303
750.387
750.47
750.553
750.637
750.72
750.803
750.887
750.97
751.053
751.137
751.22
751.303
751.387
751.47
751.553
751.637
751.72
751.803
751.887
751.97
752.053
752.137
752.22
752.303
752.387
752.47
752.553
752.637
752.72
752.803
752.887
752.97
753.053
753.137
753.22
753.303
753.387
753.47
753.553
753.637
753.72
753.803
753.887
753.97
754.053
754.137
754.22
754.303
754.386
754.47
754.553
754.636
754.72
754.803
754.886
754.97
755.053
755.136
755.22
755.303
755.386
755.47
755.553
755.636
755.72
755.803
755.886
755.97
756.053
756.136
756.22
756.303
756.386
756.47
756.553
756.636
756.72
756.803
756.886
756.97
757.053
757.136
757.22
757.303
757.386
757.47
757.553
757.636
757.72
757.803
757.886
757.97
758.053
758.136
758.22
758.303
758.386
758.47
758.553
758.636
758.72
758.803
758.886
758.97
759.053
759.136
759.22
759.303
759.386
759.47
759.553
759.636
759.72
759.803
759.886
759.97
760.053
760.136
760.22
760.303
760.386
760.47
760.553
760.636
760.72
760.803
760.886
760.97
761.053
761.136
761.22
761.303
761.386
761.47
761.553
761.636
761.72
761.803
761.886
761.97
762.053
762.136
762.22
762.303
762.386
762.47
762.553
762.636
762.719
762.803
762.886
762.969
763.053
763.136
763.219
763.303
763.386
763.469
763.553
763.636
763.719
763.803
763.886
763.969
764.053
764.136
764.219
764.303
764.386
764.469
764.553
764.636
764.719
764.803
764.886
764.969
765.053
765.136
765.219
765.303
765.386
765.469
765.553
765.636
765.719
765.803
765.886
765.969
766.053
766.136
766.219
766.303
766.386
766.469
766.553
766.636
766.719
766.803
766.886
766.969
767.053
767.136
767.219
767.303
767.386
767.469
767.553
767.636
767.719
767.803
767.886
767.969
768.053
768.136
768.219
768.303
768.386
768.469
768.553
768.636
768.719
768.803
768.886
768.969
769.053
769.136
769.219
769.303
769.386
769.469
769.553
769.636
769.719
769.803
769.886
769.969
770.053
770.136
770.219
770.303
770.386
770.469
770.553
770.636
770.719
770.803
770.886
770.969
771.052
771.136
771.219
771.302
771.386
771.469
771.552
771.636
771.719
771.802
771.886
771.969
772.052
772.136
772.219
772.302
772.386
772.469
772.552
772.636
772.719
772.802
772.886
772.969
773.052
773.136
773.219
773.302
773.386
773.469
773.552
773.636
773.719
773.802
773.886
773.969
774.052
774.136
774.219
774.302
774.386
774.469
774.552
774.636
774.719
774.802
774.886
774.969
775.052
775.136
775.219
775.302
775.386
775.469
775.552
775.636
775.719
775.802
775.886
775.969
776.052
776.136
776.219
776.302
776.386
776.469
776.552
776.636
776.719
776.802
776.886
776.969
777.052
777.136
777.219
777.302
777.386
777.469
777.552
777.636
777.719
777.802
777.886
777.969
778.052
778.136
778.219
778.302
778.386
778.469
778.552
778.636
778.719
778.802
778.886
778.969
779.052
779.136
779.219
779.302
779.385
779.469
779.552
779.635
779.719
779.802
779.885
779.969
780.052
780.135
780.219
780.302
780.385
780.469
780.552
780.635
780.719
780.802
780.885
780.969
781.052
781.135
781.219
781.302
781.385
781.469
781.552
781.635
781.719
781.802
781.885
781.969
782.052
782.135
782.219
782.302
782.385
782.469
782.552
782.635
782.719
782.802
782.885
782.969
783.052
783.135
783.219
783.302
783.385
783.469
783.552
783.635
783.719
783.802
783.885
783.969
784.052
784.135
784.219
784.302
784.385
784.469
784.552
784.635
784.719
784.802
784.885
784.969
785.052
785.135
785.219
785.302
785.385
785.469
785.552
785.635
785.719
785.802
785.885
785.969
786.052
786.135
786.219
786.302
786.385
786.469
786.552
786.635
786.719
786.802
786.885
786.969
787.052
787.135
787.219
787.302
787.385
787.469
787.552
787.635
787.718
787.802
787.885
787.968
788.052
788.135
788.218
788.302
788.385
788.468
788.552
788.635
788.718
788.802
788.885
788.968
789.052
789.135
789.218
789.302
789.385
789.468
789.552
789.635
789.718
789.802
789.885
789.968
790.052
790.135
790.218
790.302
790.385
790.468
790.552
790.635
790.718
790.802
790.885
790.968
791.052
791.135
791.218
791.302
791.385
791.468
791.552
791.635
791.718
791.802
791.885
791.968
792.052
792.135
792.218
792.302
792.385
792.468
792.552
792.635
792.718
792.802
792.885
792.968
793.052
793.135
793.218
793.302
793.385
793.468
793.552
793.635
793.718
793.802
793.885
793.968
794.052
794.135
794.218
794.302
794.385
794.468
794.552
794.635
794.718
794.802
794.885
794.968
795.052
795.135
795.218
795.302
795.385
795.468
795.552
795.635
795.718
795.802
795.885
795.968
796.051
796.135
796.218
796.301
796.385
796.468
796.551
796.635
796.718
796.801
796.885
796.968
797.051
797.135
797.218
797.301
797.385
797.468
797.551
797.635
797.718
797.801
797.885
797.968
798.051
798.135
798.218
798.301
798.385
798.468
798.551
798.635
798.718
798.801
798.885
798.968
799.051
799.135
799.218
799.301
799.385
799.468
799.551
799.635
799.718
799.801
799.885
799.968
800.051
800.135
