7.88188e-17
7.88188e-17
1.05703e-09
8.52869e-05
0.000230686
0.0004586
0.000745112
0.00107193
0.00142612
0.00179755
0.00217821
0.00256187
0.00294371
0.00332006
0.0036882
0.00404623
0.00439293
0.00472766
0.00505026
0.005361
0.00566047
0.0059495
0.00622916
0.00650063
0.00676518
0.00702411
0.00727872
0.00753025
0.00777987
0.00802864
0.00827749
0.0085272
0.00877842
0.00903163
0.00928717
0.00954523
0.00980584
0.0100689
0.0103343
0.0106017
0.0108707
0.011141
0.011412
0.0116833
0.0119543
0.0122247
0.0124939
0.0127614
0.013027
0.0132903
0.0135509
0.0138087
0.0140634
0.0143151
0.0145636
0.0148089
0.0150511
0.0152904
0.0155267
0.0157604
0.0159915
0.0162204
0.0164471
0.0166719
0.0168949
0.0171165
0.0173368
0.0175559
0.0177739
0.0179911
0.0182074
0.0184229
0.0186378
0.018852
0.0190655
0.0192783
0.0194904
0.0197017
0.0199122
0.0201218
0.0203305
0.0205382
0.0207448
0.0209503
0.0211546
0.0213578
0.0215596
0.0217602
0.0219596
0.0221576
0.0223543
0.0225497
0.0227439
0.0229368
0.0231286
0.0233191
0.0235085
0.0236968
0.0238841
0.0240703
0.0242556
0.0244399
0.0246234
0.0248059
0.0249877
0.0251686
0.0253487
0.025528
0.0257066
0.0258844
0.0260615
0.0262378
0.0264134
0.0265882
0.0267623
0.0269356
0.0271082
0.0272801
0.0274511
0.0276215
0.0277911
0.0279599
0.028128
0.0282954
0.028462
0.0286279
0.0287931
0.0289575
0.0291213
0.0292844
0.0294468
0.0296085
0.0297696
0.02993
0.0300898
0.030249
0.0304075
0.0305654
0.0307227
0.0308794
0.0310355
0.031191
0.031346
0.0315003
0.031654
0.0318072
0.0319598
0.0321118
0.0322633
0.0324141
0.0325644
0.0327141
0.0328632
0.0330118
0.0331598
0.0333072
0.033454
0.0336003
0.033746
0.0338911
0.0340357
0.0341796
0.0343231
0.0344659
0.0346082
0.0347499
0.034891
0.0350316
0.0351716
0.035311
0.0354499
0.0355881
0.0357258
0.0358629
0.0359995
0.0361354
0.0362708
0.0364055
0.0365397
0.0366733
0.0368062
0.0369386
0.0370703
0.0372015
0.037332
0.0374619
0.0375912
0.0377198
0.0378478
0.0379752
0.0381019
0.0382279
0.0383533
0.0384781
0.0386021
0.0387255
0.0388483
0.0389703
0.0390916
0.0392123
0.0393322
0.0394514
0.03957
0.0396877
0.0398048
0.0399211
0.0400367
0.0401515
0.0402656
0.0403789
0.0404914
0.0406032
0.0407141
0.0408243
0.0409336
0.0410422
0.0411499
0.0412568
0.0413628
0.041468
0.0415724
0.0416758
0.0417785
0.0418802
0.041981
0.042081
0.04218
0.0422781
0.0423753
0.0424716
0.0425669
0.0426613
0.0427547
0.0428472
0.0429387
0.0430292
0.0431187
0.0432072
0.0432947
0.0433812
0.0434667
0.0435511
0.0436345
0.0437168
0.0437981
0.0438784
0.0439575
0.0440356
0.0441126
0.0441884
0.0442632
0.0443369
0.0444094
0.0444809
0.0445512
0.0446203
0.0446883
0.0447552
0.0448209
0.0448854
0.0449488
0.045011
0.045072
0.0451318
0.0451905
0.0452479
0.0453041
0.0453591
0.045413
0.0454656
0.0455169
0.0455671
0.045616
0.0456637
0.0457102
0.0457554
0.0457995
0.0458422
0.0458838
0.0459241
0.0459631
0.0460009
0.0460375
0.0460728
0.0461069
0.0461398
0.0461714
0.0462018
0.0462309
0.0462589
0.0462855
0.046311
0.0463353
0.0463583
0.0463801
0.0464007
0.0464201
0.0464383
0.0464553
0.0464711
0.0464858
0.0464993
0.0465116
0.0465227
0.0465327
0.0465416
0.0465493
0.046556
0.0465615
0.0465659
0.0465692
0.0465714
0.0465726
0.0465727
0.0465718
0.0465698
0.0465668
0.0465628
0.0465578
0.0465519
0.046545
0.0465371
0.0465283
0.0465186
0.046508
0.0464965
0.0464841
0.0464709
0.0464568
0.0464419
0.0464262
0.0464098
0.0463926
0.0463746
0.0463559
0.0463364
0.0463163
0.0462955
0.0462741
0.046252
0.0462294
0.0462061
0.0461822
0.0461578
0.0461329
0.0461074
0.0460815
0.046055
0.0460282
0.0460009
0.0459731
0.045945
0.0459166
0.0458877
0.0458586
0.0458291
0.0457993
0.0457693
0.0457391
0.0457086
0.0456779
0.045647
0.045616
0.0455848
0.0455535
0.045522
0.0454905
0.045459
0.0454274
0.0453958
0.0453641
0.0453325
0.0453009
0.0452694
0.0452379
0.0452065
0.0451752
0.0451441
0.0451131
0.0450822
0.0450515
0.0450211
0.0449908
0.0449607
0.0449309
0.0449013
0.0448721
0.0448431
0.0448144
0.044786
0.0447579
0.0447302
0.0447029
0.0446759
0.0446493
0.0446231
0.0445973
0.0445719
0.0445469
0.0445224
0.0444984
0.0444748
0.0444516
0.044429
0.0444068
0.0443852
0.044364
0.0443434
0.0443233
0.0443037
0.0442846
0.0442661
0.0442482
0.0442308
0.0442139
0.0441977
0.044182
0.0441669
0.0441523
0.0441384
0.044125
0.0441122
0.0441
0.0440885
0.0440775
0.0440671
0.0440573
0.0440481
0.0440395
0.0440315
0.0440241
0.0440174
0.0440112
0.0440056
0.0440006
0.0439963
0.0439925
0.0439893
0.0439867
0.0439847
0.0439833
0.0439825
0.0439822
0.0439826
0.0439835
0.0439849
0.043987
0.0439896
0.0439927
0.0439964
0.0440006
0.0440054
0.0440107
0.0440166
0.0440229
0.0440298
0.0440372
0.0440451
0.0440535
0.0440623
0.0440717
0.0440815
0.0440917
0.0441025
0.0441136
0.0441253
0.0441373
0.0441498
0.0441626
0.0441759
0.0441896
0.0442037
0.0442181
0.0442329
0.0442481
0.0442636
0.0442794
0.0442956
0.0443121
0.0443289
0.044346
0.0443634
0.044381
0.044399
0.0444172
0.0444356
0.0444542
0.0444731
0.0444922
0.0445115
0.044531
0.0445507
0.0445706
0.0445906
0.0446107
0.044631
0.0446514
0.044672
0.0446926
0.0447133
0.0447341
0.044755
0.0447759
0.0447969
0.0448179
0.044839
0.04486
0.0448811
0.0449021
0.0449232
0.0449442
0.0449651
0.044986
0.0450069
0.0450276
0.0450483
0.0450689
0.0450893
0.0451097
0.0451299
0.04515
0.0451699
0.0451897
0.0452093
0.0452287
0.0452479
0.0452669
0.0452857
0.0453043
0.0453227
0.0453408
0.0453586
0.0453762
0.0453935
0.0454105
0.0454273
0.0454437
0.0454598
0.0454756
0.0454911
0.0455063
0.0455211
0.0455355
0.0455496
0.0455633
0.0455766
0.0455896
0.0456021
0.0456143
0.045626
0.0456373
0.0456482
0.0456587
0.0456687
0.0456783
0.0456875
0.0456961
0.0457044
0.0457121
0.0457194
0.0457262
0.0457325
0.0457383
0.0457436
0.0457484
0.0457527
0.0457566
0.0457599
0.0457626
0.0457649
0.0457666
0.0457678
0.0457685
0.0457687
0.0457683
0.0457673
0.0457659
0.0457639
0.0457613
0.0457582
0.0457546
0.0457504
0.0457457
0.0457404
0.0457346
0.0457282
0.0457213
0.0457139
0.0457059
0.0456973
0.0456882
0.0456786
0.0456684
0.0456577
0.0456465
0.0456347
0.0456224
0.0456096
0.0455963
0.0455824
0.0455681
0.0455532
0.0455378
0.0455219
0.0455055
0.0454886
0.0454713
0.0454534
0.0454351
0.0454163
0.045397
0.0453773
0.0453572
0.0453366
0.0453155
0.045294
0.0452722
0.0452498
0.0452271
0.045204
0.0451805
0.0451566
0.0451324
0.0451077
0.0450827
0.0450574
0.0450317
0.0450057
0.0449794
0.0449528
0.0449259
0.0448986
0.0448711
0.0448434
0.0448153
0.0447871
0.0447585
0.0447298
0.0447008
0.0446716
0.0446423
0.0446127
0.044583
0.0445531
0.044523
0.0444928
0.0444625
0.044432
0.0444014
0.0443708
0.04434
0.0443092
0.0442783
0.0442474
0.0442164
0.0441854
0.0441544
0.0441233
0.0440923
0.0440612
0.0440302
0.0439993
0.0439684
0.0439375
0.0439067
0.043876
0.0438454
0.0438148
0.0437844
0.0437541
0.043724
0.0436939
0.0436641
0.0436344
0.0436048
0.0435755
0.0435463
0.0435173
0.0434886
0.0434601
0.0434317
0.0434037
0.0433759
0.0433483
0.043321
0.043294
0.0432672
0.0432407
0.0432146
0.0431887
0.0431632
0.0431379
0.043113
0.0430884
0.0430642
0.0430403
0.0430168
0.0429936
0.0429708
0.0429483
0.0429263
0.0429046
0.0428833
0.0428624
0.0428419
0.0428218
0.0428021
0.0427828
0.0427639
0.0427455
0.0427274
0.0427098
0.0426927
0.0426759
0.0426596
0.0426437
0.0426283
0.0426133
0.0425988
0.0425847
0.042571
0.0425578
0.0425451
0.0425328
0.0425209
0.0425095
0.0424986
0.0424881
0.0424781
0.0424685
0.0424595
0.0424508
0.0424427
0.0424349
0.0424276
0.0424208
0.0424144
0.0424084
0.0424029
0.0423978
0.0423932
0.042389
0.0423853
0.042382
0.0423791
0.0423767
0.0423746
0.042373
0.0423719
0.0423711
0.0423708
0.0423708
0.0423713
0.0423722
0.0423735
0.0423752
0.0423772
0.0423797
0.0423825
0.0423857
0.0423893
0.0423932
0.0423975
0.0424022
0.0424072
0.0424126
0.0424183
0.0424243
0.0424307
0.0424374
0.0424444
0.0424517
0.0424593
0.0424672
0.0424754
0.0424839
0.0424927
0.0425018
0.0425111
0.0425207
0.0425305
0.0425406
0.042551
0.0425615
0.0425723
0.0425834
0.0425946
0.042606
0.0426177
0.0426295
0.0426416
0.0426538
0.0426662
0.0426787
0.0426914
0.0427043
0.0427173
0.0427304
0.0427437
0.0427571
0.0427706
0.0427843
0.042798
0.0428118
0.0428257
0.0428397
0.0428538
0.0428679
0.0428821
0.0428964
0.0429107
0.042925
0.0429394
0.0429538
0.0429682
0.0429826
0.0429971
0.0430115
0.0430259
0.0430403
0.0430547
0.0430691
0.0430834
0.0430977
0.0431119
0.0431261
0.0431402
0.0431543
0.0431682
0.0431821
0.043196
0.0432097
0.0432233
0.0432369
0.0432503
0.0432636
0.0432768
0.0432899
0.0433028
0.0433156
0.0433283
0.0433408
0.0433532
0.0433654
0.0433775
0.0433894
0.0434011
0.0434127
0.043424
0.0434353
0.0434463
0.0434571
0.0434677
0.0434782
0.0434884
0.0434985
0.0435083
0.0435179
0.0435273
0.0435365
0.0435455
0.0435542
0.0435628
0.0435711
0.0435791
0.043587
0.0435946
0.043602
0.0436091
0.043616
0.0436227
0.0436291
0.0436353
0.0436412
0.0436469
0.0436524
0.0436576
0.0436625
0.0436672
0.0436717
0.0436759
0.0436799
0.0436836
0.0436871
0.0436904
0.0436934
0.0436961
0.0436986
0.0437009
0.0437029
0.0437047
0.0437063
0.0437076
0.0437087
0.0437096
0.0437102
0.0437106
0.0437108
0.0437107
0.0437105
0.04371
0.0437093
0.0437084
0.0437073
0.043706
0.0437045
0.0437028
0.0437009
0.0436988
0.0436966
0.0436941
0.0436915
0.0436887
0.0436858
0.0436826
0.0436793
0.0436759
0.0436723
0.0436686
0.0436648
0.0436608
0.0436566
0.0436524
0.043648
0.0436436
0.043639
0.0436343
0.0436295
0.0436247
0.0436198
0.0436147
0.0436097
0.0436045
0.0435993
0.0435941
0.0435888
0.0435834
0.0435781
0.0435727
0.0435673
0.0435619
0.0435564
0.043551
0.0435456
0.0435402
0.0435348
0.0435295
0.0435242
0.0435189
0.0435137
0.0435085
0.0435034
0.0434984
0.0434934
0.0434886
0.0434838
0.0434791
0.0434745
0.0434701
0.0434657
0.0434615
0.0434574
0.0434534
0.0434496
0.043446
0.0434425
0.0434391
0.043436
0.043433
0.0434302
0.0434276
0.0434251
0.0434229
0.0434209
0.0434191
0.0434176
0.0434162
0.0434151
0.0434142
0.0434136
0.0434133
0.0434131
0.0434133
0.0434137
0.0434144
0.0434153
0.0434166
0.0434181
0.04342
0.0434221
0.0434245
0.0434273
0.0434303
0.0434337
0.0434374
0.0434414
0.0434457
0.0434504
0.0434555
0.0434608
0.0434665
0.0434726
0.043479
0.0434858
0.0434929
0.0435004
0.0435083
0.0435165
0.0435251
0.0435341
0.0435434
0.0435532
0.0435633
0.0435738
0.0435847
0.043596
0.0436076
0.0436197
0.0436322
0.043645
0.0436583
0.0436719
0.043686
0.0437005
0.0437153
0.0437306
0.0437463
0.0437624
0.0437788
0.0437957
0.043813
0.0438307
0.0438488
0.0438674
0.0438863
0.0439056
0.0439254
0.0439455
0.0439661
0.043987
0.0440084
0.0440301
0.0440523
0.0440749
0.0440979
0.0441212
0.044145
0.0441691
0.0441937
0.0442186
0.044244
0.0442697
0.0442958
0.0443223
0.0443492
0.0443765
0.0444041
0.0444322
0.0444606
0.0444893
0.0445185
0.044548
0.0445778
0.0446081
0.0446387
0.0446696
0.0447009
0.0447325
0.0447645
0.0447969
0.0448296
0.0448626
0.0448959
0.0449296
0.0449636
0.0449979
0.0450326
0.0450675
0.0451028
0.0451384
0.0451743
0.0452105
0.045247
0.0452838
0.0453208
0.0453582
0.0453958
0.0454338
0.045472
0.0455104
0.0455492
0.0455882
0.0456274
0.0456669
0.0457067
0.0457467
0.045787
0.0458275
0.0458682
0.0459092
0.0459504
0.0459918
0.0460334
0.0460753
0.0461173
0.0461596
0.0462021
0.0462448
0.0462876
0.0463307
0.0463739
0.0464174
0.046461
0.0465048
0.0465488
0.0465929
0.0466372
0.0466817
0.0467263
0.0467711
0.046816
0.0468611
0.0469063
0.0469517
0.0469972
0.0470429
0.0470886
0.0471345
0.0471806
0.0472267
0.047273
0.0473194
0.0473659
0.0474125
0.0474593
0.0475061
0.0475531
0.0476001
0.0476473
0.0476945
0.0477419
0.0477893
0.0478368
0.0478844
0.0479321
0.0479799
0.0480278
0.0480758
0.0481238
0.0481719
0.0482201
0.0482684
0.0483168
0.0483652
0.0484137
0.0484623
0.048511
0.0485597
0.0486085
0.0486574
0.0487063
0.0487554
0.0488045
0.0488536
0.0489029
0.0489522
0.0490016
0.0490511
0.0491006
0.0491502
0.0491999
0.0492497
0.0492995
0.0493495
0.0493995
0.0494496
0.0494998
0.0495501
0.0496004
0.0496509
0.0497014
0.0497521
0.0498028
0.0498537
0.0499046
0.0499557
0.0500068
0.0500581
0.0501095
0.050161
0.0502127
0.0502645
0.0503163
0.0503684
0.0504206
0.0504729
0.0505253
0.0505779
0.0506307
0.0506836
0.0507367
0.05079
0.0508434
0.050897
0.0509508
0.0510048
0.051059
0.0511134
0.051168
0.0512259
0.0512986
0.0513997
0.0515383
0.0517155
0.0519228
0.0521528
0.0524003
0.0526613
0.0529333
0.0532143
0.0535028
0.0537979
0.0540989
0.0544053
0.0547169
0.0550335
0.055355
0.0556815
0.0560131
0.05635
0.0566924
0.0570406
0.0573948
0.0577554
0.0581228
0.0584971
0.0588788
0.0592682
0.0596656
0.0600713
0.0604856
0.0609087
0.061341
0.0617828
0.0622341
0.0626953
0.0631665
0.063648
0.0641399
0.0646425
0.0651558
0.0656801
0.0662163
0.0667643
0.0673239
0.0678952
0.0684782
0.0690732
0.0696803
0.0702996
0.0709313
0.0715758
0.0722331
0.0729036
0.0735875
0.074285
0.0749965
0.0757222
0.0764623
0.0772172
0.0779871
0.0787723
0.0795731
0.0803897
0.0812224
0.0820715
0.0829372
0.0838199
0.0847197
0.085637
0.0865718
0.0875246
0.0884956
0.0894849
0.0904928
0.0915196
0.0925654
0.0936305
0.0947151
0.0958194
0.0969436
0.0980878
0.0992523
0.10045
0.101679
0.102939
0.104229
0.105549
0.1069
0.108281
0.109692
0.111133
0.112605
0.114109
0.115643
0.117209
0.118807
0.120436
0.122099
0.123794
0.125522
0.127283
0.129078
0.130908
0.132772
0.13467
0.136604
0.138574
0.140579
0.142621
0.144699
0.146814
0.148967
0.151158
0.153386
0.155653
0.157959
0.160303
0.162687
0.165111
0.167574
0.170078
0.172622
0.175209
0.177839
0.18051
0.183215
0.185952
0.188719
0.191513
0.194333
0.197179
0.200049
0.202945
0.205865
0.208809
0.211777
0.21477
0.217787
0.220828
0.223894
0.226984
0.230098
0.233237
0.236401
0.239589
0.242802
0.246039
0.249302
0.252588
0.255899
0.259235
0.262594
0.265978
0.269385
0.272816
0.27627
0.279747
0.283248
0.286771
0.290316
0.293882
0.297471
0.301058
0.304607
0.308084
0.311473
0.31477
0.317989
0.321139
0.324229
0.327263
0.330244
0.333177
0.336063
0.338904
0.341701
0.344456
0.34717
0.349843
0.352477
0.355072
0.357628
0.360146
0.362628
0.365072
0.36748
0.369852
0.372188
0.37449
0.376756
0.378986
0.381176
0.383323
0.385424
0.387475
0.389472
0.391412
0.393292
0.397606
0.403536
0.410501
0.417982
0.425625
0.433198
0.440567
0.447659
0.454451
0.460952
0.467198
0.47324
0.479133
0.484938
0.490713
0.496517
0.502404
0.508423
0.514609
0.520983
0.527551
0.534315
0.541264
0.548386
0.555666
0.563087
0.570631
0.578283
0.58603
0.593843
0.601642
0.609323
0.61677
0.623879
0.630555
0.636726
0.642342
0.647377
0.651833
0.65574
0.659155
0.66217
0.664907
0.667483
0.669973
0.672427
0.67488
0.677351
0.679856
0.682419
0.685056
0.687778
0.690581
0.69346
0.696405
0.699411
0.702472
0.705586
0.70875
0.711962
0.715222
0.718528
0.721882
0.725283
0.728733
0.732232
0.735781
0.739379
0.743026
0.746719
0.750455
0.754229
0.758038
0.761877
0.765741
0.769628
0.773533
0.777454
0.781387
0.785331
0.789282
0.79324
0.797203
0.801169
0.805136
0.809105
0.813138
0.817226
0.821337
0.825451
0.829558
0.83365
0.837724
0.841759
0.845725
0.849591
0.853333
0.856935
0.860389
0.863704
0.866897
0.869997
0.873025
0.875994
0.87891
0.881774
0.884587
0.887347
0.890052
0.892697
0.895279
0.897793
0.900234
0.902599
0.904885
0.90709
0.909212
0.911261
0.913242
0.915159
0.917011
0.9188
0.920524
0.922184
0.923779
0.925308
0.92677
0.928165
0.929493
0.930753
0.931945
0.933069
0.93412
0.935087
0.935949
0.936682
0.937268
0.937694
0.937967
0.938104
0.938114
0.938005
0.937778
0.937438
0.936986
0.936425
0.935757
0.934985
0.934082
0.933006
0.93173
0.930256
0.928608
0.926822
0.924921
0.922916
0.920816
0.918627
0.916353
0.914018
0.911681
0.909402
0.907208
0.905045
0.902794
0.900385
0.897788
0.895009
0.892084
0.889061
0.885965
0.88281
0.879602
0.876348
0.87305
0.86971
0.866329
0.862908
0.837508
0.827287
0.824906
0.828161
0.833261
0.83802
0.841307
0.84269
0.842276
0.840507
0.837997
0.835368
0.833098
0.831461
0.830633
0.830635
0.83136
0.832617
0.834182
0.83583
0.837398
0.838799
0.84001
0.84105
0.841968
0.842824
0.843675
0.844566
0.845528
0.846574
0.847702
0.848902
0.850159
0.851457
0.852782
0.854111
0.855428
0.856731
0.858025
0.859318
0.860619
0.861934
0.863269
0.864623
0.865994
0.867379
0.868768
0.870143
0.871487
0.872786
0.874034
0.875229
0.876374
0.877475
0.878541
0.87958
0.880604
0.881616
0.882609
0.883567
0.884503
0.885421
0.886324
0.887211
0.888081
0.888933
0.889765
0.890576
0.891363
0.892124
0.892859
0.893563
0.894235
0.894873
0.895474
0.896034
0.896552
0.897024
0.897448
0.89782
0.898137
0.898396
0.898594
0.898728
0.898834
0.898934
0.898892
0.898504
0.897586
0.896068
0.894124
0.891952
0.889642
0.88724
0.88477
0.882248
0.879683
0.877083
0.874451
0.871797
0.869145
0.866528
0.863978
0.861522
0.859185
0.856986
0.854941
0.85306
0.851348
0.84981
0.848442
0.84724
0.846196
0.845301
0.844544
0.844051
0.843951
0.844141
0.844506
0.844982
0.84553
0.846121
0.846732
0.847345
0.847951
0.848543
0.849119
0.849676
0.850213
0.850726
0.851216
0.851682
0.85212
0.852531
0.852916
0.853273
0.853602
0.853901
0.85417
0.854405
0.854605
0.854795
0.85501
0.855269
0.85558
0.855947
0.856372
0.851066
0.843135
0.834264
0.824975
0.81562
0.806464
0.797645
0.789215
0.781194
0.77358
0.766345
0.759442
0.752817
0.746415
0.740181
0.734068
0.728043
0.722081
0.716163
0.710287
0.70446
0.698664
0.692892
0.687151
0.681452
0.675813
0.670247
0.664767
0.659384
0.654102
0.648925
0.643851
0.638875
0.633991
0.629192
0.624468
0.619809
0.615207
0.610653
0.606141
0.601665
0.59722
0.592803
0.588413
0.584048
0.579708
0.575395
0.571096
0.566795
0.562482
0.558163
0.553853
0.549574
0.545319
0.54103
0.53663
0.532046
0.527226
0.52215
0.516832
0.511325
0.505728
0.50015
0.494653
0.489271
0.48402
0.478911
0.473947
0.469128
0.464454
0.459921
0.455527
0.451269
0.447142
0.443143
0.439268
0.435513
0.431876
0.428351
0.424937
0.42163
0.418428
0.415327
0.412327
0.409424
0.406617
0.403903
0.401282
0.398751
0.39631
0.393984
0.391797
0.389761
0.387862
0.386062
0.384326
0.382631
0.380962
0.379307
0.377658
0.376008
0.374352
0.372686
0.371004
0.369305
0.367585
0.365841
0.364072
0.362275
0.360448
0.358589
0.356698
0.354772
0.35281
0.350811
0.348774
0.346698
0.344582
0.342425
0.340225
0.33798
0.335685
0.333336
0.330931
0.328482
0.32603
0.323591
0.321175
0.318787
0.31643
0.314108
0.31182
0.309568
0.307352
0.305172
0.303028
0.300918
0.298842
0.296797
0.294783
0.292799
0.290848
0.288933
0.287064
0.285245
0.28348
0.281772
0.280122
0.278533
0.277004
0.275537
0.274131
0.272788
0.271507
0.270288
0.269131
0.268037
0.267004
0.266032
0.265122
0.264272
0.263483
0.262753
0.262083
0.261466
0.260891
0.260349
0.259835
0.259344
0.258873
0.258419
0.257981
0.257556
0.257145
0.256746
0.256358
0.255981
0.255614
0.255257
0.254909
0.25457
0.254239
0.253916
0.2536
0.253291
0.252988
0.252691
0.252398
0.25211
0.251825
0.251544
0.251264
0.250986
0.250708
0.25043
0.250151
0.24987
0.249587
0.249299
0.249006
0.248706
0.248397
0.248075
0.247739
0.247385
0.24701
0.24661
0.246182
0.24572
0.24522
0.244684
0.244146
0.243653
0.243249
0.242959
0.242779
0.242671
0.242588
0.242494
0.24236
0.242163
0.241886
0.241515
0.241039
0.24045
0.23974
0.238905
0.237941
0.236846
0.235619
0.23426
0.232768
0.231146
0.229396
0.22752
0.225522
0.223406
0.221177
0.218841
0.216404
0.213872
0.211254
0.208558
0.205793
0.20297
0.200099
0.197192
0.194259
0.191307
0.188341
0.185365
0.182382
0.179393
0.176401
0.173405
0.170405
0.167402
0.164395
0.161383
0.158366
0.155342
0.152311
0.149271
0.146213
0.143123
0.139984
0.136782
0.133501
0.130144
0.126716
0.123223
0.119661
0.116042
0.112386
0.108715
0.105049
0.1014
0.0977779
0.094191
0.0906445
0.0871421
0.083687
0.0802808
0.0769249
0.0736197
0.0703654
0.0671615
0.0640075
0.0609023
0.0578448
0.0548339
0.0518684
0.0489468
0.0460681
0.043231
0.0404346
0.0376779
0.0349611
0.0323089
0.0297722
0.0274174
0.0253187
0.0235524
0.0221925
0.0213068
0.0209547
0.0211843
0.0220313
0.0235168
0.0256467
0.0284104
0.0317798
0.0357124
0.0401552
0.0450402
0.0502855
0.0557974
0.0615046
0.0673618
0.073338
0.0794071
0.0855404
0.0917004
0.0978369
0.103909
0.109892
0.11577
0.121535
0.127184
0.132716
0.138134
0.143444
0.148648
0.153754
0.158766
0.16369
0.168533
0.173299
0.177992
0.182618
0.187181
0.191684
0.196132
0.200529
0.204878
0.209181
0.213439
0.217653
0.221822
0.225947
0.230026
0.23406
0.23805
0.241999
0.245909
0.249785
0.253629
0.25745
0.261257
0.265045
0.26879
0.272464
0.276035
0.279476
0.282759
0.285863
0.28877
0.291469
0.293955
0.296242
0.298359
0.300347
0.302257
0.304135
0.306016
0.307923
0.309874
0.311882
0.313958
0.316111
0.318348
0.320677
0.323105
0.325637
0.328282
0.331045
0.333934
0.336959
0.340128
0.343451
0.346939
0.350605
0.354462
0.358525
0.362812
0.367339
0.372128
0.3772
0.382579
0.388291
0.394364
0.400829
0.407719
0.415072
0.422932
0.431345
0.440354
0.450002
0.460329
0.471369
0.483153
0.49571
0.509062
0.52322
0.538179
0.553502
0.568912
0.584239
0.599389
0.614323
0.629036
0.643548
0.65789
0.672101
0.68622
0.700282
0.714319
0.728355
0.742407
0.75609
0.769121
0.781318
0.792568
0.802806
0.812012
0.820196
0.827388
0.833635
0.838993
0.843521
0.847282
0.850337
0.852741
0.854549
0.855807
0.856558
0.856837
0.85675
0.856541
0.856231
0.855756
0.855074
0.854158
0.852988
0.851553
0.849843
0.847853
0.84558
0.843023
0.840181
0.837055
0.833649
0.829966
0.826012
0.821794
0.817319
0.812597
0.807638
0.802452
0.79705
0.791444
0.785646
0.779665
0.773508
0.767191
0.760741
0.754191
0.747587
0.740976
0.734402
0.727905
0.721509
0.71523
0.709079
0.703058
0.697172
0.691464
0.685982
0.68071
0.675588
0.670574
0.665637
0.660756
0.655915
0.651106
0.646325
0.641573
0.636857
0.632189
0.627573
0.622833
0.617712
0.612011
0.605679
0.598855
0.591811
0.584728
0.577719
0.570855
0.564185
0.557738
0.551538
0.545598
0.539929
0.534538
0.529431
0.524608
0.520072
0.515822
0.511856
0.509003
0.506815
0.504934
0.502994
0.500762
0.498131
0.495108
0.49174
0.488104
0.484295
0.4804
0.476473
0.472544
0.468619
0.464696
0.460797
0.45704
0.453573
0.450539
0.448036
0.446104
0.444698
0.443672
0.442817
0.442019
0.441207
0.440323
0.439333
0.438228
0.437023
0.435742
0.434411
0.433047
0.431665
0.430277
0.428893
0.427521
0.426171
0.424849
0.423563
0.422319
0.421123
0.419983
0.418899
0.41787
0.416895
0.415977
0.415122
0.414332
0.413626
0.413026
0.412529
0.412079
0.411645
0.411215
0.410781
0.410343
0.4099
0.409452
0.409
0.408544
0.408083
0.407616
0.40714
0.406654
0.406154
0.405639
0.405106
0.404554
0.403982
0.403389
0.402773
0.402136
0.401475
0.400793
0.400089
0.399375
0.398704
0.398087
0.397508
0.396957
0.396431
0.395926
0.395441
0.394975
0.394527
0.394095
0.39368
0.393281
0.392896
0.392526
0.39217
0.391827
0.391496
0.391176
0.390866
0.390566
0.390273
0.389987
0.389705
0.389427
0.38915
0.388874
0.388595
0.388313
0.388025
0.387733
0.387487
0.387303
0.387179
0.387114
0.387109
0.387172
0.38732
0.387574
0.387949
0.388452
0.389088
0.389856
0.390757
0.391788
0.392947
0.39423
0.395635
0.397159
0.398798
0.400549
0.402409
0.404375
0.406444
0.408613
0.410878
0.413237
0.415686
0.418223
0.420843
0.423545
0.426324
0.429178
0.432103
0.435096
0.438165
0.441332
0.444611
0.44798
0.45141
0.45488
0.458377
0.46189
0.465411
0.468935
0.47244
0.475888
0.479237
0.482448
0.485488
0.488333
0.490968
0.493387
0.495589
0.497569
0.499322
0.500843
0.502128
0.503172
0.503971
0.504521
0.504813
0.504835
0.504575
0.504015
0.50314
0.501935
0.500385
0.498479
0.496207
0.493562
0.490539
0.48714
0.483367
0.47923
0.474741
0.469921
0.464792
0.459387
0.453744
0.447908
0.441932
0.435869
0.429763
0.423647
0.417549
0.411491
0.405485
0.399541
0.393661
0.387846
0.382091
0.376391
0.370738
0.365124
0.35954
0.353977
0.348429
0.342889
0.337351
0.331812
0.326272
0.320731
0.315193
0.30966
0.304133
0.298613
0.293101
0.287595
0.28209
0.276581
0.271061
0.265522
0.25996
0.25437
0.248751
0.243099
0.237412
0.231689
0.225929
0.22013
0.214292
0.208413
0.202493
0.19653
0.190524
0.184473
0.178378
0.172236
0.166048
0.159815
0.153575
0.147394
0.14135
0.13552
0.129969
0.124748
0.119884
0.115381
0.111217
0.107344
0.103685
0.10017
0.0967469
0.0933798
0.0900425
0.0867173
0.0833923
0.0800606
0.0767184
0.0733648
0.0700006
0.0666275
0.0632491
0.0598796
0.0565428
0.0532684
0.0500884
0.0470358
0.0441427
0.0414397
0.0389619
0.0367502
0.0348148
0.0331634
0.0318011
0.03073
0.0299499
0.0294584
0.0292507
0.0293203
0.0296583
0.0302538
0.0310937
0.0321623
0.0334414
0.0349095
0.0365415
0.0382965
0.0400869
0.0418147
0.0433997
0.0447884
0.0459563
0.0469083
0.0476758
0.0483054
0.0488315
0.0492778
0.0496606
0.049991
0.0502762
0.0505204
0.0507258
0.0508932
0.051022
0.051111
0.0511586
0.051163
0.0511224
0.0510352
0.0508998
0.0507151
0.0504804
0.0501949
0.0498585
0.049471
0.0490324
0.048543
0.0480029
0.0474124
0.0467716
0.0460808
0.04534
0.0445491
0.0437082
0.0428171
0.0418755
0.0408832
0.0398079
0.0385845
0.0371445
0.0354361
0.0334369
0.0311626
0.0286722
0.0260278
0.0232703
0.020426
0.0175121
0.0145401
0.011518
0.0084514
0.00534463
0.00220132
-0.000975244
-0.00418181
-0.00741502
-0.0106713
-0.0139468
-0.0172375
-0.0205391
-0.0238474
-0.0271579
-0.0304665
-0.0337693
-0.0370625
-0.0403432
-0.043609
-0.046858
-0.0500895
-0.0533034
-0.0565009
-0.0596841
-0.0628562
-0.0660216
-0.0691861
-0.0723566
-0.0755371
-0.0786948
-0.0817772
-0.0847345
-0.0875328
-0.0901589
-0.0926213
-0.0949482
-0.0971743
-0.0993233
-0.101411
-0.10345
-0.105445
-0.107403
-0.109325
-0.111214
-0.11307
-0.114892
-0.116681
-0.118436
-0.120156
-0.121839
-0.123485
-0.125093
-0.126662
-0.128191
-0.129681
-0.13113
-0.132538
-0.133905
-0.135231
-0.136516
-0.13776
-0.138962
-0.140123
-0.141243
-0.142322
-0.143359
-0.144355
-0.14531
-0.146224
-0.147096
-0.147927
-0.148716
-0.149464
-0.15018
-0.150897
-0.151658
-0.152505
-0.153472
-0.154582
-0.155847
-0.157266
-0.158826
-0.160507
-0.162277
-0.164106
-0.165972
-0.167858
-0.169752
-0.171648
-0.173543
-0.175433
-0.177321
-0.179209
-0.181099
-0.182996
-0.184905
-0.18683
-0.188775
-0.190746
-0.192746
-0.194777
-0.196843
-0.198943
-0.201078
-0.203245
-0.205442
-0.207666
-0.209915
-0.212188
-0.214482
-0.216795
-0.219127
-0.221475
-0.223839
-0.226217
-0.228607
-0.23101
-0.233424
-0.235847
-0.238279
-0.24072
-0.243167
-0.245621
-0.248081
-0.250544
-0.253012
-0.255482
-0.257954
-0.260427
-0.2629
-0.265365
-0.267814
-0.270234
-0.272614
-0.274944
-0.277216
-0.279423
-0.28156
-0.283625
-0.285618
-0.287538
-0.289388
-0.291172
-0.292894
-0.294557
-0.296167
-0.297729
-0.299248
-0.300727
-0.302171
-0.30358
-0.304957
-0.306302
-0.307615
-0.308894
-0.31014
-0.311351
-0.312526
-0.313663
-0.31476
-0.315816
-0.316828
-0.317794
-0.318712
-0.319582
-0.320404
-0.321176
-0.321896
-0.322553
-0.32313
-0.323615
-0.323993
-0.324258
-0.324408
-0.324446
-0.324385
-0.32424
-0.324025
-0.323752
-0.323427
-0.323055
-0.322639
-0.322181
-0.321682
-0.321143
-0.320562
-0.31994
-0.319275
-0.318566
-0.317811
-0.31701
-0.316161
-0.315263
-0.314314
-0.313313
-0.312259
-0.311152
-0.30999
-0.308772
-0.307497
-0.306165
-0.304776
-0.303327
-0.301819
-0.300248
-0.298572
-0.296731
-0.294674
-0.29239
-0.289938
-0.287377
-0.276686
-0.270098
-0.266331
-0.264867
-0.264842
-0.265641
-0.266813
-0.268047
-0.269141
-0.269975
-0.270495
-0.2707
-0.270623
-0.270319
-0.269854
-0.269299
-0.268721
-0.26818
-0.267723
-0.267386
-0.267192
-0.267153
-0.267269
-0.267532
-0.267927
-0.268435
-0.269035
-0.269707
-0.270429
-0.271184
-0.271958
-0.272738
-0.273518
-0.274295
-0.275063
-0.275817
-0.276554
-0.277275
-0.277984
-0.278682
-0.279375
-0.280065
-0.280756
-0.281448
-0.282144
-0.282844
-0.283547
-0.284253
-0.28496
-0.285667
-0.286382
-0.287124
-0.287912
-0.288765
-0.289697
-0.290718
-0.291831
-0.293035
-0.294322
-0.295682
-0.2971
-0.29856
-0.300044
-0.301544
-0.303051
-0.304562
-0.306075
-0.307587
-0.309096
-0.310607
-0.312123
-0.313646
-0.315175
-0.316711
-0.318255
-0.319806
-0.321362
-0.322925
-0.324493
-0.326065
-0.327642
-0.329222
-0.330805
-0.332391
-0.33398
-0.335571
-0.337165
-0.338761
-0.34036
-0.341962
-0.343568
-0.345178
-0.346791
-0.34841
-0.350034
-0.351664
-0.3533
-0.354943
-0.356594
-0.358253
-0.35992
-0.361596
-0.363279
-0.364964
-0.366648
-0.368334
-0.370019
-0.371705
-0.37339
-0.375076
-0.376762
-0.378447
-0.380133
-0.381819
-0.383506
-0.385194
-0.386883
-0.388573
-0.390265
-0.391959
-0.393655
-0.395354
-0.397055
-0.398759
-0.400467
-0.402178
-0.403893
-0.405612
-0.407336
-0.409064
-0.410798
-0.412537
-0.414282
-0.416033
-0.417791
-0.419557
-0.42133
-0.423111
-0.4249
-0.426699
-0.428515
-0.430365
-0.432263
-0.434218
-0.436232
-0.438301
-0.440419
-0.442583
-0.444788
-0.447031
-0.44931
-0.451621
-0.453963
-0.456333
-0.458729
-0.461149
-0.463589
-0.466049
-0.468526
-0.471018
-0.473522
-0.476037
-0.47856
-0.48109
-0.483629
-0.486197
-0.488822
-0.491533
-0.494361
-0.497334
-0.500473
-0.503797
-0.507313
-0.511025
-0.514925
-0.518996
-0.523214
-0.527542
-0.531939
-0.536363
-0.540789
-0.545199
-0.549579
-0.553923
-0.558226
-0.562485
-0.566698
-0.570866
-0.574989
-0.579068
-0.583094
-0.587053
-0.590926
-0.594696
-0.598346
-0.601862
-0.605233
-0.608438
-0.611451
-0.614242
-0.616781
-0.619041
-0.621
-0.622642
-0.623957
-0.624943
-0.625604
-0.625955
-0.62602
-0.625832
-0.625434
-0.624878
-0.624221
-0.623516
-0.622796
-0.622085
-0.621402
-0.620771
-0.620229
-0.619811
-0.619536
-0.619377
-0.619306
-0.619299
-0.619344
-0.619432
-0.619556
-0.619712
-0.619899
-0.620117
-0.620365
-0.620644
-0.620961
-0.621325
-0.621746
-0.622231
-0.622784
-0.623408
-0.624099
-0.624851
-0.625658
-0.626511
-0.627403
-0.628329
-0.629289
-0.63028
-0.631301
-0.632354
-0.633438
-0.634554
-0.635702
-0.636884
-0.638098
-0.639348
-0.640632
-0.64195
-0.643285
-0.644613
-0.645912
-0.647167
-0.648366
-0.649501
-0.650569
-0.651576
-0.652524
-0.653417
-0.654255
-0.655041
-0.655775
-0.656459
-0.657093
-0.657677
-0.658213
-0.658701
-0.659143
-0.659542
-0.659899
-0.660211
-0.660475
-0.660689
-0.660848
-0.660946
-0.660981
-0.660949
-0.66085
-0.660682
-0.660446
-0.660161
-0.659938
-0.659868
-0.659971
-0.660209
-0.660554
-0.660983
-0.661471
-0.661994
-0.662529
-0.663057
-0.663563
-0.66404
-0.664489
-0.664915
-0.665327
-0.665738
-0.666165
-0.666626
-0.66715
-0.667774
-0.668523
-0.669414
-0.670451
-0.671629
-0.672936
-0.674351
-0.675849
-0.677407
-0.679011
-0.680653
-0.682323
-0.684016
-0.685726
-0.687419
-0.68904
-0.69055
-0.691931
-0.693192
-0.694354
-0.695448
-0.696511
-0.69757
-0.698642
-0.699734
-0.700851
-0.701992
-0.703158
-0.704345
-0.705553
-0.706776
-0.708011
-0.709264
-0.71055
-0.71188
-0.713259
-0.714682
-0.716138
-0.717624
-0.719141
-0.720694
-0.722284
-0.723912
-0.725575
-0.72727
-0.728993
-0.730736
-0.732497
-0.734268
-0.736045
-0.737822
-0.739595
-0.741358
-0.743107
-0.744838
-0.746545
-0.748225
-0.749873
-0.751484
-0.753055
-0.754581
-0.756058
-0.757481
-0.758724
-0.759436
-0.75981
-0.76002
-0.760158
-0.760275
-0.760397
-0.760538
-0.760708
-0.76091
-0.761145
-0.761411
-0.761705
-0.762025
-0.762369
-0.762733
-0.763117
-0.763522
-0.763947
-0.764395
-0.764867
-0.765364
-0.765887
-0.766435
-0.76701
-0.767612
-0.768241
-0.768898
-0.769556
-0.770222
-0.770911
-0.771628
-0.772373
-0.773147
-0.773947
-0.774771
-0.775618
-0.776487
-0.770079
-0.760067
-0.748536
-0.736193
-0.723523
-0.710897
-0.698529
-0.68653
-0.674956
-0.663834
-0.653159
-0.642895
-0.632984
-0.623365
-0.61398
-0.604771
-0.595683
-0.586664
-0.577606
-0.568401
-0.558985
-0.549368
-0.539638
-0.529864
-0.520098
-0.510377
-0.500733
-0.491194
-0.48178
-0.47251
-0.463396
-0.454447
-0.445664
-0.437049
-0.4286
-0.420309
-0.41217
-0.404173
-0.39631
-0.388552
-0.380843
-0.373108
-0.365269
-0.357254
-0.349001
-0.340471
-0.331655
-0.322585
-0.313341
-0.30405
-0.294827
-0.285849
-0.277299
-0.269332
-0.262067
-0.255576
-0.249887
-0.244991
-0.240844
-0.237374
-0.234483
-0.232057
-0.229966
-0.228103
-0.226403
-0.224825
-0.223342
-0.221937
-0.220599
-0.21932
-0.218096
-0.216923
-0.215801
-0.21473
-0.213709
-0.212739
-0.211822
-0.210982
-0.210294
-0.209845
-0.209713
-0.209942
-0.210524
-0.211396
-0.212457
-0.213638
-0.214897
-0.216207
-0.21755
-0.218916
-0.220298
-0.221689
-0.223088
-0.22449
-0.225896
-0.227302
-0.228699
-0.230077
-0.231432
-0.232765
-0.234078
-0.235372
-0.236647
-0.237903
-0.239141
-0.240362
-0.241573
-0.242778
-0.243987
-0.245209
-0.246456
-0.247717
-0.248929
-0.250023
-0.250966
-0.25179
-0.252572
-0.253368
-0.254213
-0.255128
-0.256116
-0.257168
-0.258279
-0.259444
-0.26066
-0.261924
-0.263233
-0.264584
-0.265975
-0.267399
-0.268851
-0.27033
-0.271834
-0.273366
-0.274929
-0.276523
-0.278148
-0.279805
-0.281494
-0.283213
-0.284962
-0.28674
-0.288547
-0.290381
-0.292241
-0.294127
-0.296037
-0.297971
-0.299927
-0.301904
-0.303903
-0.305925
-0.307974
-0.31005
-0.312157
-0.314296
-0.316465
-0.318664
-0.320888
-0.323133
-0.325393
-0.32766
-0.329926
-0.33217
-0.334364
-0.336489
-0.338531
-0.340479
-0.342327
-0.345568
-0.349786
-0.354664
-0.359921
-0.365348
-0.370787
-0.376126
-0.381286
-0.386216
-0.390885
-0.39528
-0.399398
-0.403248
-0.406844
-0.410203
-0.413347
-0.416297
-0.419075
-0.421701
-0.424195
-0.426574
-0.428851
-0.431039
-0.433146
-0.43518
-0.437145
-0.43904
-0.440867
-0.442624
-0.444307
-0.445914
-0.447439
-0.44888
-0.450233
-0.451494
-0.45266
-0.453728
-0.454695
-0.45556
-0.456319
-0.456968
-0.457504
-0.457921
-0.458218
-0.458392
-0.458444
-0.458382
-0.458224
-0.45799
-0.457697
-0.45736
-0.456989
-0.456588
-0.456163
-0.455727
-0.455297
-0.454892
-0.454527
-0.454209
-0.453941
-0.453713
-0.453506
-0.453306
-0.453102
-0.452888
-0.452657
-0.452406
-0.452132
-0.45184
-0.45154
-0.451249
-0.450978
-0.450736
-0.450522
-0.450325
-0.450128
-0.449924
-0.449704
-0.449465
-0.449202
-0.448916
-0.448611
-0.448288
-0.447945
-0.447575
-0.447167
-0.446711
-0.446198
-0.445621
-0.444977
-0.444256
-0.443448
-0.442539
-0.44152
-0.440386
-0.439141
-0.437788
-0.436324
-0.434732
-0.432982
-0.43104
-0.428885
-0.426515
-0.423951
-0.421229
-0.418383
-0.415444
-0.412422
-0.4093
-0.406043
-0.402618
-0.39901
-0.395234
-0.391324
-0.387338
-0.383363
-0.379444
-0.375591
-0.371811
-0.368115
-0.364526
-0.361053
-0.357703
-0.354471
-0.35133
-0.348241
-0.345179
-0.342134
-0.339118
-0.336139
-0.333203
-0.330316
-0.32747
-0.324626
-0.32174
-0.318785
-0.315772
-0.312739
-0.309713
-0.306711
-0.303745
-0.300824
-0.297954
-0.295146
-0.292407
-0.289653
-0.286644
-0.283157
-0.279133
-0.274762
-0.270235
-0.265661
-0.261095
-0.256567
-0.252091
-0.234335
-0.225108
-0.220836
-0.220405
-0.221646
-0.223234
-0.224317
-0.224493
-0.223652
-0.221877
-0.219365
-0.216356
-0.213083
-0.209743
-0.206482
-0.203387
-0.200492
-0.197784
-0.19522
-0.192734
-0.190255
-0.187723
-0.185295
-0.183118
-0.181092
-0.179073
-0.176984
-0.174784
-0.172454
-0.169988
-0.167388
-0.164657
-0.161798
-0.158813
-0.155704
-0.152468
-0.149105
-0.145608
-0.141975
-0.1382
-0.134279
-0.130208
-0.125985
-0.121607
-0.117074
-0.112386
-0.107544
-0.10255
-0.0974074
-0.0921244
-0.0867214
-0.0812102
-0.0755865
-0.0698592
-0.0641374
-0.0584675
-0.0528095
-0.0471388
-0.0414392
-0.0357001
-0.0299144
-0.0240772
-0.0181852
-0.012236
-0.00622773
-0.000156763
0.00598101
0.0121606
0.0183691
0.024598
0.0308421
0.0370978
0.0433629
0.0496365
0.0559179
0.0622071
0.0685047
0.0748114
0.0811279
0.0874515
0.0937167
0.0999143
0.106051
0.112131
0.118155
0.124127
0.130045
0.135909
0.141721
0.147479
0.153184
0.158909
0.164753
0.170663
0.176472
0.182106
0.187565
0.192852
0.197973
0.202931
0.207732
0.212382
0.216886
0.221248
0.225475
0.229571
0.233541
0.237385
0.2411
0.244679
0.24812
0.251421
0.254586
0.257623
0.260539
0.263343
0.266041
0.268637
0.271135
0.273538
0.275848
0.278068
0.280198
0.278393
0.278177
0.279125
0.281008
0.283536
0.286484
0.289679
0.292989
0.296317
0.299589
0.302755
0.305781
0.308645
0.311336
0.31385
0.316192
0.318367
0.320388
0.322269
0.32403
0.325689
0.327263
0.328765
0.330208
0.3316
0.332952
0.334272
0.335573
0.336868
0.338166
0.339475
0.340801
0.342148
0.343516
0.344907
0.346319
0.347751
0.349201
0.350664
0.352139
0.353621
0.355107
0.356592
0.358073
0.359546
0.361002
0.362437
0.363843
0.365213
0.366541
0.367824
0.36906
0.370246
0.371381
0.372464
0.373492
0.374463
0.375373
0.376214
0.376982
0.377672
0.378283
0.378817
0.379279
0.379677
0.380023
0.380335
0.380631
0.380926
0.381231
0.381553
0.381897
0.382266
0.382663
0.383089
0.383545
0.384032
0.384549
0.385097
0.385677
0.386289
0.386937
0.387621
0.388342
0.389096
0.389877
0.390677
0.391486
0.392296
0.3931
0.393891
0.394666
0.395419
0.396136
0.396796
0.397385
0.397891
0.398307
0.398626
0.398846
0.398968
0.398996
0.398937
0.398795
0.398576
0.398286
0.39793
0.397504
0.397002
0.396406
0.395647
0.394638
0.393303
0.391591
0.389499
0.38707
0.384381
0.38148
0.378398
0.375173
0.371846
0.368445
0.364988
0.361482
0.357917
0.354272
0.350534
0.346705
0.34281
0.338863
0.334877
0.330856
0.3268
0.322695
0.318525
0.314285
0.309979
0.305624
0.301226
0.296793
0.292327
0.287831
0.283301
0.278732
0.27412
0.269461
0.264744
0.259962
0.255111
0.250169
0.245163
0.240161
0.235203
0.23031
0.225498
0.220775
0.21614
0.211589
0.207118
0.202727
0.198416
0.194185
0.190035
0.185967
0.181984
0.178086
0.174277
0.170557
0.166926
0.163386
0.159939
0.156588
0.153336
0.150185
0.147137
0.144195
0.14136
0.138634
0.136018
0.133513
0.131316
0.129454
0.127862
0.126505
0.125362
0.124421
0.123676
0.123126
0.12277
0.122607
0.122641
0.122873
0.123306
0.123943
0.124788
0.125844
0.127113
0.1286
0.130306
0.132236
0.134391
0.136774
0.139388
0.142236
0.14532
0.148642
0.152205
0.156011
0.160063
0.164363
0.168913
0.173716
0.178807
0.18411
0.189577
0.195175
0.200883
0.206687
0.212577
0.21855
0.224603
0.230737
0.236955
0.243258
0.249651
0.256134
0.262711
0.268429
0.27366
0.278643
0.283488
0.288272
0.293053
0.297874
0.302775
0.307791
0.31295
0.318273
0.323773
0.329454
0.335317
0.341357
0.347563
0.353928
0.360443
0.367102
0.3739
0.380818
0.387832
0.394839
0.401761
0.408538
0.415127
0.421492
0.427611
0.433468
0.439054
0.444364
0.449396
0.454149
0.458624
0.462823
0.466748
0.470398
0.473777
0.476885
0.479721
0.482288
0.484584
0.486613
0.488376
0.489878
0.491121
0.49211
0.492848
0.49334
0.493589
0.493601
0.493378
0.492926
0.492249
0.491352
0.49024
0.488918
0.48739
0.485663
0.483741
0.481631
0.479338
0.476868
0.474221
0.471368
0.468269
0.464876
0.461145
0.457042
0.452549
0.447665
0.442413
0.436837
0.431005
0.424987
0.418834
0.412584
0.406266
0.399901
0.393505
0.387089
0.380661
0.374228
0.367793
0.36136
0.354933
0.348514
0.342102
0.335682
0.329228
0.322711
0.3161
0.309364
0.302471
0.29539
0.288096
0.280572
0.272808
0.264809
0.256591
0.248191
0.239659
0.231071
0.222499
0.214003
0.205632
0.197421
0.189395
0.181558
0.173909
0.166447
0.15917
0.152077
0.145167
0.138437
0.131886
0.125509
0.119304
0.113268
0.107395
0.101683
0.0961308
0.0907593
0.085591
0.0806383
0.0759167
0.0714413
0.0672256
0.0632791
0.0596075
0.0562127
0.0530925
0.0502415
0.0476511
0.0453105
0.0432064
0.0413241
0.0396474
0.0381592
0.0368406
0.0356695
0.0346268
0.0336887
0.0328244
0.0319998
0.0311837
0.0303516
0.0294842
0.0285661
0.0275853
0.0265313
0.025396
0.0241751
0.0228664
0.0214694
0.0199846
0.0184133
0.0167574
0.0150186
0.0131991
0.0113008
0.00932243
0.00726986
0.00514741
0.00295835
0.0007052
-0.00161005
-0.00398584
-0.00642086
-0.00891405
-0.0114645
-0.0140712
-0.0167336
-0.0194506
-0.0222216
-0.0250456
-0.0279216
-0.0308485
-0.0338253
-0.0368507
-0.0399234
-0.0430417
-0.0462043
-0.0494095
-0.0526556
-0.0559088
-0.0590497
-0.0619334
-0.0644293
-0.0664415
-0.0679187
-0.0688525
-0.0692748
-0.0692524
-0.0688845
-0.0682699
-0.0674767
-0.0665544
-0.0655406
-0.0644657
-0.0633556
-0.0622331
-0.0611182
-0.0600292
-0.0589816
-0.0579886
-0.0570599
-0.0562018
-0.0554161
-0.0546991
-0.0540418
-0.0534328
-0.0528639
-0.0523285
-0.0518216
-0.0513391
-0.0508779
-0.0504354
-0.0500097
-0.0495991
-0.0492027
-0.0488195
-0.048449
-0.048091
-0.0477451
-0.0474114
-0.0470897
-0.04678
-0.0464822
-0.0461963
-0.0459217
-0.0456567
-0.0454008
-0.045158
-0.0449364
-0.0447481
-0.044607
-0.044527
-0.0445201
-0.0445936
-0.0447485
-0.044977
-0.0452613
-0.0455782
-0.0459118
-0.0462514
-0.0465894
-0.0469209
-0.0472424
-0.0475519
-0.047848
-0.0481301
-0.0483978
-0.0486513
-0.0488911
-0.0491217
-0.0493516
-0.0495911
-0.0498513
-0.0501426
-0.0504745
-0.0508553
-0.0512913
-0.0517875
-0.0523468
-0.0529705
-0.053658
-0.0544074
-0.0552149
-0.0560755
-0.0569828
-0.0579295
-0.0589071
-0.0599062
-0.0609162
-0.0619285
-0.062937
-0.0639385
-0.0649319
-0.0659178
-0.0668974
-0.0678725
-0.0688445
-0.0698145
-0.0707836
-0.071749
-0.0727023
-0.0736302
-0.0745155
-0.0753376
-0.0760743
-0.076703
-0.0772016
-0.0775502
-0.0777321
-0.077735
-0.0775523
-0.0771836
-0.0766365
-0.0759265
-0.0750788
-0.0741285
-0.073109
-0.0720443
-0.0709518
-0.0698436
-0.0687281
-0.0676112
-0.0664964
-0.0653858
-0.0642803
-0.0631799
-0.0620839
-0.0609911
-0.0598997
-0.0588078
-0.0577133
-0.0566141
-0.0555077
-0.0543918
-0.0532643
-0.0521241
-0.0509781
-0.0498389
-0.0487207
-0.0476373
-0.0466005
-0.045619
-0.0446983
-0.0438402
-0.0430424
-0.0422977
-0.0415957
-0.0409258
-0.0402803
-0.0396536
-0.0390403
-0.038436
-0.0378388
-0.037248
-0.036663
-0.0360838
-0.0355103
-0.0349428
-0.0343819
-0.0338278
-0.0332813
-0.0327431
-0.0322137
-0.031694
-0.0311847
-0.0306878
-0.0302087
-0.0297548
-0.0293343
-0.028955
-0.0286244
-0.0283489
-0.0281335
-0.0279822
-0.0278974
-0.0278806
-0.0279316
-0.0280494
-0.0282317
-0.0284756
-0.028777
-0.0291315
-0.029534
-0.029979
-0.0304607
-0.0309731
-0.0314983
-0.0320344
-0.0325852
-0.0331537
-0.0337422
-0.0343526
-0.0349867
-0.0356458
-0.0363315
-0.037045
-0.0377876
-0.0385603
-0.0393637
-0.0402008
-0.0410782
-0.0420066
-0.0430004
-0.0440768
-0.0452539
-0.0465488
-0.0479753
-0.0495409
-0.0512439
-0.0530697
-0.0549872
-0.0569597
-0.0589595
-0.0609486
-0.0628996
-0.0648062
-0.0666646
-0.0684721
-0.0702269
-0.0719279
-0.0735748
-0.0751676
-0.0767068
-0.0781933
-0.0796282
-0.0810126
-0.0823479
-0.0836355
-0.0848768
-0.0860731
-0.0872256
-0.0883354
-0.0894035
-0.0904307
-0.0914178
-0.0923633
-0.0932633
-0.0941143
-0.0949142
-0.095665
-0.0963753
-0.0970622
-0.0977478
-0.0984568
-0.0992163
-0.100055
-0.101003
-0.102089
-0.103343
-0.104792
-0.106454
-0.108327
-0.110388
-0.11261
-0.114961
-0.117417
-0.119956
-0.122565
-0.125231
-0.127947
-0.130709
-0.133514
-0.13636
-0.139243
-0.142162
-0.145107
-0.148067
-0.151031
-0.153991
-0.156942
-0.159885
-0.162821
-0.165757
-0.168697
-0.171644
-0.174597
-0.177558
-0.180527
-0.183502
-0.186482
-0.189465
-0.192451
-0.195436
-0.198418
-0.201394
-0.204363
-0.207321
-0.210265
-0.213193
-0.216102
-0.218989
-0.221851
-0.224685
-0.227488
-0.230258
-0.232992
-0.235704
-0.238451
-0.241302
-0.244306
-0.247473
-0.250748
-0.254043
-0.257298
-0.260472
-0.263536
-0.266474
-0.269273
-0.271928
-0.274436
-0.276796
-0.279011
-0.281083
-0.283016
-0.284814
-0.286483
-0.288026
-0.289448
-0.290752
-0.29194
-0.293015
-0.293978
-0.294831
-0.295575
-0.296208
-0.296724
-0.297113
-0.297366
-0.297472
-0.297421
-0.297206
-0.296817
-0.29625
-0.295499
-0.294562
-0.293438
-0.292124
-0.290623
-0.288891
-0.286923
-0.284793
-0.282556
-0.280252
-0.277909
-0.27555
-0.273193
-0.270852
-0.268535
-0.266249
-0.264001
-0.261793
-0.259627
-0.257504
-0.255424
-0.253386
-0.253577
-0.255162
-0.257567
-0.260301
-0.263047
-0.265616
-0.267914
-0.269914
-0.271637
-0.27313
-0.274454
-0.275678
-0.276868
-0.278082
-0.279371
-0.280771
-0.282308
-0.283998
-0.285845
-0.287845
-0.289987
-0.29226
-0.294667
-0.297249
-0.300038
-0.303048
-0.306286
-0.309751
-0.313441
-0.31735
-0.32147
-0.325793
-0.33031
-0.335016
-0.339907
-0.344978
-0.350228
-0.355654
-0.361253
-0.367025
-0.372967
-0.379076
-0.38535
-0.391784
-0.398377
-0.405123
-0.41202
-0.419062
-0.426245
-0.433566
-0.441019
-0.4486
-0.456306
-0.464132
-0.472074
-0.480131
-0.488297
-0.496572
-0.504953
-0.513438
-0.521964
-0.530351
-0.538436
-0.546123
-0.55339
-0.560278
-0.566835
-0.56531
-0.56751
-0.572157
-0.578671
-0.586255
-0.594347
-0.602563
-0.610648
-0.618443
-0.625858
-0.632853
-0.639426
-0.6456
-0.651412
-0.656904
-0.662122
-0.667104
-0.671884
-0.676484
-0.680919
-0.685188
-0.689296
-0.693253
-0.697071
-0.700762
-0.704334
-0.707791
-0.711132
-0.714349
-0.717429
-0.720356
-0.723115
-0.725695
-0.728084
-0.730267
-0.732275
-0.734196
-0.736158
-0.7383
-0.740758
-0.743707
-0.747332
-0.751788
-0.757179
-0.763544
-0.77085
-0.77903
-0.788028
-0.797842
-0.808489
-0.819979
-0.832301
-0.8454
-0.85917
-0.873476
-0.888079
-0.902641
-0.916838
-0.930427
-0.943232
-0.955148
-0.96614
-0.976214
-0.985311
-0.993399
-1.00044
-1.00636
-1.01114
-1.01478
-1.01742
-1.01943
-1.02132
-1.02353
