1500
1500
1500
1499.97
1499.95
1499.92
1499.88
1499.83
1499.77
1499.71
1499.64
1499.57
1499.49
1499.41
1499.32
1499.22
1499.12
1499.02
1498.91
1498.8
1498.68
1498.56
1498.43
1498.3
1498.17
1498.03
1497.89
1497.74
1497.59
1497.44
1497.28
1497.12
1496.95
1496.79
1496.61
1496.44
1496.26
1496.07
1495.89
1495.69
1495.5
1495.3
1495.1
1494.9
1494.69
1494.48
1494.26
1494.05
1493.83
1493.6
1493.37
1493.15
1492.91
1492.68
1492.44
1492.2
1491.95
1491.71
1491.46
1491.21
1490.95
1490.7
1490.44
1490.18
1489.91
1489.65
1489.38
1489.11
1488.84
1488.56
1488.29
1488.01
1487.73
1487.45
1487.17
1486.88
1486.6
1486.31
1486.02
1485.73
1485.44
1485.15
1484.86
1484.56
1484.27
1483.97
1483.68
1483.38
1483.08
1482.79
1482.49
1482.19
1481.89
1481.59
1481.29
1480.99
1480.69
1480.39
1480.1
1479.8
1479.5
1479.2
1478.9
1478.6
1478.31
1478.01
1477.72
1477.42
1477.13
1476.84
1476.55
1476.25
1475.97
1475.68
1475.39
1475.1
1474.82
1474.54
1474.26
1473.98
1473.7
1473.42
1473.15
1472.88
1472.61
1472.34
1472.07
1471.81
1471.55
1471.29
1471.03
1470.77
1470.52
1470.27
1470.02
1469.77
1469.53
1469.29
1469.05
1468.81
1468.58
1468.35
1468.12
1467.9
1467.68
1467.46
1467.24
1467.03
1466.82
1466.61
1466.4
1466.2
1466
1465.81
1465.62
1465.43
1465.24
1465.06
1464.88
1464.7
1464.52
1464.35
1464.18
1464.02
1463.86
1463.7
1463.54
1463.39
1463.24
1463.09
1462.95
1462.81
1462.67
1462.54
1462.41
1462.28
1462.15
1462.03
1461.91
1461.79
1461.68
1461.57
1461.46
1461.35
1461.25
1461.15
1461.05
1460.96
1460.86
1460.77
1460.69
1460.6
1460.52
1460.44
1460.36
1460.29
1460.21
1460.14
1460.07
1460.01
1459.94
1459.88
1459.82
1459.76
1459.7
1459.64
1459.59
1459.54
1459.49
1459.44
1459.39
1459.35
1459.3
1459.26
1459.21
1459.17
1459.13
1459.09
1459.06
1459.02
1458.98
1458.95
1458.91
1458.88
1458.85
1458.81
1458.78
1458.75
1458.72
1458.68
1458.65
1458.62
1458.59
1458.56
1458.53
1458.5
1458.46
1458.43
1458.4
1458.37
1458.34
1458.3
1458.27
1458.23
1458.2
1458.16
1458.12
1458.09
1458.05
1458.01
1457.97
1457.92
1457.88
1457.84
1457.79
1457.74
1457.69
1457.64
1457.59
1457.54
1457.48
1457.42
1457.37
1457.3
1457.24
1457.18
1457.11
1457.04
1456.97
1456.9
1456.82
1456.75
1456.67
1456.59
1456.5
1456.42
1456.33
1456.23
1456.14
1456.04
1455.94
1455.84
1455.74
1455.63
1455.52
1455.41
1455.29
1455.17
1455.05
1454.93
1454.8
1454.67
1454.53
1454.4
1454.26
1454.11
1453.97
1453.82
1453.66
1453.51
1453.35
1453.19
1453.02
1452.85
1452.68
1452.5
1452.32
1452.14
1451.95
1451.77
1451.57
1451.38
1451.18
1450.97
1450.77
1450.55
1450.34
1450.12
1449.9
1449.68
1449.45
1449.22
1448.98
1448.74
1448.5
1448.25
1448.01
1447.75
1447.5
1447.23
1446.97
1446.7
1446.43
1446.16
1445.88
1445.6
1445.31
1445.02
1444.73
1444.43
1444.13
1443.83
1443.52
1443.21
1442.9
1442.58
1442.26
1441.93
1441.61
1441.27
1440.94
1440.6
1440.26
1439.91
1439.56
1439.21
1438.86
1438.5
1438.13
1437.77
1437.4
1437.03
1436.65
1436.27
1435.89
1435.5
1435.11
1434.72
1434.33
1433.93
1433.52
1433.12
1432.71
1432.3
1431.88
1431.47
1431.05
1430.62
1430.19
1429.76
1429.33
1428.89
1428.45
1428.01
1427.57
1427.12
1426.67
1426.21
1425.76
1425.3
1424.83
1424.37
1423.9
1423.43
1422.95
1422.48
1422
1421.51
1421.03
1420.54
1420.05
1419.55
1419.06
1418.56
1418.06
1417.55
1417.04
1416.53
1416.02
1415.5
1414.98
1414.46
1413.94
1413.41
1412.88
1412.35
1411.81
1411.27
1410.73
1410.19
1409.64
1409.09
1408.54
1407.99
1407.43
1406.87
1406.3
1405.74
1405.17
1404.6
1404.02
1403.44
1402.86
1402.28
1401.69
1401.1
1400.5
1399.91
1399.31
1398.7
1398.09
1397.48
1396.87
1396.25
1395.63
1395.01
1394.38
1393.75
1393.12
1392.48
1391.84
1391.19
1390.54
1389.89
1389.23
1388.57
1387.9
1387.23
1386.56
1385.88
1385.2
1384.51
1383.82
1383.12
1382.42
1381.71
1381
1380.29
1379.57
1378.84
1378.11
1377.38
1376.64
1375.89
1375.14
1374.38
1373.62
1372.85
1372.08
1371.29
1370.51
1369.72
1368.92
1368.11
1367.3
1366.48
1365.66
1364.82
1363.99
1363.14
1362.29
1361.43
1360.56
1359.68
1358.8
1357.91
1357.01
1356.11
1355.19
1354.27
1353.34
1352.4
1351.45
1350.5
1349.53
1348.56
1347.58
1346.58
1345.58
1344.57
1343.55
1342.52
1341.48
1340.43
1339.37
1338.3
1337.21
1336.12
1335.02
1333.9
1332.78
1331.64
1330.49
1329.33
1328.16
1326.98
1325.79
1324.58
1323.36
1322.13
1320.88
1319.63
1318.36
1317.07
1315.78
1314.47
1313.14
1311.81
1310.46
1309.09
1307.71
1306.32
1304.91
1303.49
1302.05
1300.6
1299.13
1297.65
1296.15
1294.63
1293.1
1291.56
1290
1288.42
1286.82
1285.21
1283.58
1281.93
1280.27
1278.59
1276.89
1275.17
1273.44
1271.68
1269.91
1268.12
1266.31
1264.48
1262.64
1260.77
1258.88
1256.98
1255.05
1253.1
1251.14
1249.15
1247.14
1245.11
1243.06
1240.99
1238.9
1236.79
1234.64
1232.46
1230.23
1227.94
1225.61
1223.21
1220.76
1218.26
1215.7
1213.1
1210.46
1207.78
1205.07
1202.32
1199.56
1196.76
1193.95
1191.12
1188.27
1185.41
1182.53
1179.64
1176.75
1173.85
1170.94
1168.04
1165.14
1162.24
1159.36
1156.48
1153.62
1150.78
1147.96
1145.17
1142.39
1139.65
1136.94
1134.26
1131.62
1129.01
1126.45
1123.93
1121.46
1119.04
1116.66
1114.34
1112.07
1109.86
1107.71
1105.62
1103.59
1101.63
1099.73
1097.89
1096.13
1094.43
1092.81
1091.26
1089.78
1088.38
1087.05
1085.79
1084.61
1083.51
1082.49
1081.54
1080.67
1079.88
1079.16
1078.53
1077.96
1077.48
1077.07
1076.74
1076.49
1076.31
1076.2
1076.17
1076.21
1076.32
1076.5
1076.75
1077.07
1077.45
1077.9
1078.41
1078.99
1079.63
1080.32
1081.08
1081.89
1082.75
1083.67
1084.63
1085.65
1086.71
1087.82
1088.97
1090.17
1091.4
1092.67
1093.98
1095.32
1096.69
1098.09
1099.52
1100.97
1102.45
1103.95
1105.47
1107.01
1108.57
1110.13
1111.72
1113.31
1114.91
1116.52
1118.13
1119.75
1121.37
1122.99
1124.6
1126.22
1127.83
1129.43
1131.03
1132.61
1134.19
1135.75
1137.3
1138.84
1140.36
1141.86
1143.34
1144.81
1146.25
1147.67
1149.07
1150.44
1151.79
1153.12
1154.41
1155.68
1156.92
1158.13
1159.31
1160.46
1161.58
1162.67
1163.72
1164.74
1165.72
1166.68
1167.59
1168.47
1169.32
1170.13
1170.9
1171.63
1172.33
1172.99
1173.61
1174.19
1174.74
1175.25
1175.71
1176.14
1176.53
1176.88
1177.19
1177.46
1177.69
1177.88
1178.03
1178.14
1178.21
1178.24
1178.22
1178.17
1178.08
1177.94
1177.77
1177.55
1177.29
1176.99
1176.65
1176.27
1175.84
1175.37
1174.86
1174.31
1173.71
1173.08
1172.39
1171.67
1170.9
1170.08
1169.23
1168.32
1167.38
1166.38
1165.35
1164.26
1163.13
1161.96
1160.74
1159.47
1158.16
1156.8
1155.39
1153.94
1152.44
1150.89
1149.3
1147.65
1145.97
1144.23
1142.44
1140.59
1138.69
1136.74
1134.73
1132.65
1130.52
1128.32
1126.07
1123.75
1121.38
1118.95
1116.46
1113.91
1111.32
1108.66
1105.96
1103.21
1100.4
1097.56
1094.66
1091.73
1088.75
1085.73
1082.67
1079.57
1076.44
1073.28
1070.08
1066.85
1063.59
1060.31
1057
1053.67
1050.32
1046.95
1043.56
1040.16
1036.75
1033.33
1029.91
1026.48
1023.05
1019.62
1016.19
1012.77
1009.35
1005.95
1002.56
999.179
995.821
992.483
989.168
985.877
982.614
979.381
976.181
973.015
969.885
966.795
963.747
960.742
957.782
954.871
952.009
949.199
946.443
943.743
941.1
938.516
935.993
933.533
931.137
928.806
926.541
924.345
922.219
920.162
918.177
916.264
914.425
912.659
910.968
909.353
907.812
906.348
904.961
903.649
902.415
901.257
900.176
899.171
898.242
897.389
896.612
895.909
895.281
894.726
894.244
893.834
893.495
893.226
893.027
892.895
892.829
892.83
892.894
893.021
893.209
893.457
893.764
894.127
894.545
895.017
895.541
896.114
896.736
897.404
898.117
898.873
899.67
900.505
901.379
902.287
903.229
904.203
905.206
906.237
907.294
908.375
909.478
910.602
911.744
912.902
914.076
915.262
916.459
917.666
918.881
920.101
921.326
922.553
923.782
925.009
926.235
927.457
928.674
929.884
931.086
932.278
933.459
934.629
935.784
936.925
938.05
939.158
940.247
941.317
942.366
943.394
944.399
945.381
946.338
947.269
948.174
949.053
949.903
950.724
951.516
952.278
953.009
953.709
954.376
955.011
955.613
956.18
956.714
957.212
957.676
958.103
958.495
958.85
959.168
959.448
959.691
959.896
960.063
960.191
960.28
960.33
960.341
960.312
960.243
960.133
959.984
959.793
959.562
959.29
958.976
958.621
958.224
957.785
957.304
956.78
956.214
955.606
954.954
954.26
953.522
952.74
951.915
951.046
950.133
949.176
948.174
947.128
946.037
944.901
943.72
942.494
941.222
939.905
938.542
937.133
935.679
934.178
932.631
931.037
929.397
927.711
925.977
924.197
922.37
920.496
918.575
916.606
914.59
912.522
910.399
908.217
905.973
903.662
901.282
898.833
896.314
893.723
891.063
888.333
885.536
882.673
879.746
876.757
873.708
870.601
867.438
864.221
860.95
857.628
854.256
850.836
847.369
843.856
840.3
836.703
833.066
829.392
825.683
821.941
818.17
814.371
810.547
806.701
802.836
798.954
795.059
791.152
787.238
783.317
779.395
775.473
771.554
767.642
763.739
759.848
755.973
752.117
748.282
744.472
740.689
736.937
733.218
729.535
725.892
722.291
718.735
715.227
711.769
708.365
705.017
701.727
698.497
695.332
692.232
689.2
686.238
683.349
680.534
677.796
675.135
672.555
670.056
667.64
665.309
663.063
660.905
658.834
656.853
654.962
653.162
651.453
649.836
648.312
646.88
645.541
644.295
643.142
642.081
641.113
640.237
639.452
638.758
638.155
637.641
637.215
636.877
636.625
636.458
636.376
636.375
636.456
636.617
636.855
637.17
637.559
638.021
638.554
639.156
639.825
640.558
641.355
642.213
643.129
644.103
645.13
646.21
647.339
648.517
649.74
651.006
652.313
653.658
655.04
656.457
657.905
659.382
660.888
662.418
663.971
665.545
667.138
668.747
670.371
672.006
673.653
675.307
676.968
678.633
680.3
681.968
683.635
685.299
686.958
688.61
690.254
691.889
693.512
695.122
696.718
698.298
699.861
701.406
702.93
704.434
705.915
707.373
708.806
710.213
711.594
712.947
714.271
715.566
716.831
718.064
719.265
720.433
721.568
722.668
723.734
724.764
725.758
726.716
727.637
728.52
729.365
730.172
730.94
731.668
732.358
733.007
733.617
734.186
734.715
735.202
735.649
736.054
736.418
736.741
737.021
737.26
737.457
737.611
737.723
737.792
737.819
737.803
737.745
737.643
737.499
737.311
737.079
736.805
736.486
736.124
735.718
735.269
734.775
734.236
733.653
733.026
732.353
731.636
730.874
730.066
729.212
728.313
727.368
726.377
725.34
724.256
723.126
721.949
720.725
719.454
718.136
716.77
715.357
713.897
712.388
710.832
709.228
707.576
705.876
704.128
702.331
700.486
698.593
696.652
694.662
692.624
690.538
688.403
686.22
683.989
681.709
679.381
677.005
674.581
672.109
669.588
667.02
664.404
661.74
659.028
656.269
653.457
650.587
647.657
644.662
641.597
638.466
635.265
631.995
628.657
625.254
621.786
618.256
614.667
611.021
607.32
603.567
599.764
595.913
592.016
588.074
584.091
580.067
576.005
571.907
567.776
563.613
559.423
555.208
550.97
546.713
542.439
538.152
533.854
529.549
525.24
520.93
516.622
512.319
508.025
503.742
499.473
495.223
490.995
486.791
482.615
478.469
474.359
470.285
466.253
462.264
458.322
454.429
450.59
446.807
443.082
439.419
435.82
432.289
428.827
425.437
422.122
418.884
415.725
412.648
409.654
406.746
403.925
401.193
398.552
396.003
393.548
391.188
388.923
386.756
384.687
382.716
380.845
379.073
377.402
375.831
374.361
372.991
371.722
370.553
369.484
368.514
367.643
366.87
366.193
365.614
365.129
364.738
364.44
364.233
364.115
364.087
364.144
364.287
364.512
364.819
365.205
365.669
366.207
366.819
367.502
368.253
369.07
369.952
370.895
371.898
372.958
374.072
375.238
376.455
377.718
379.026
380.376
381.767
383.194
384.657
386.152
387.677
389.23
390.808
392.409
394.031
395.672
397.328
398.998
400.68
402.371
404.07
405.774
407.481
409.19
410.897
412.603
414.303
415.998
417.684
419.361
421.026
422.679
424.316
425.938
427.542
429.127
430.691
432.234
433.754
435.25
436.72
438.164
439.58
440.968
442.326
443.654
444.95
446.214
447.444
448.641
449.804
450.931
452.022
453.076
454.093
455.073
456.015
456.918
457.781
458.605
459.39
460.134
460.837
461.5
462.121
462.701
463.239
463.736
464.19
464.601
464.971
465.297
465.581
465.822
466.02
466.174
466.285
466.353
466.377
466.358
466.294
466.187
466.036
465.841
465.601
465.318
464.989
464.617
464.199
463.737
463.23
462.678
462.08
461.437
460.749
460.015
459.236
458.41
457.538
456.62
455.656
454.644
453.587
452.482
451.33
450.131
448.884
447.59
446.248
444.858
443.42
441.935
440.4
438.818
437.187
435.507
433.779
432.002
430.176
428.302
426.378
424.405
422.383
420.311
418.191
416.021
413.802
411.533
409.216
406.848
404.432
401.966
399.45
396.885
394.271
391.608
388.895
386.134
383.323
380.463
377.554
374.596
371.582
368.508
365.368
362.159
358.879
355.527
352.104
348.608
345.043
341.409
337.71
333.948
330.125
326.244
322.307
318.317
314.275
310.184
306.045
301.861
297.633
293.364
289.055
284.711
280.332
275.923
271.486
267.024
262.54
258.038
253.52
248.99
244.45
239.905
235.357
230.81
226.267
221.731
217.206
212.696
208.203
203.732
199.285
194.866
190.479
186.126
181.812
177.54
173.313
169.134
165.007
160.934
156.92
152.967
149.078
145.256
141.504
137.825
134.222
130.697
127.253
123.892
120.618
117.43
114.334
111.329
108.418
105.603
102.886
100.268
97.7502
95.3335
93.0212
90.8109
88.7077
86.7071
84.8163
83.0274
81.3514
79.775
78.3151
76.9505
75.7076
74.5528
73.5269
72.578
71.7691
71.0205
70.4283
69.8725
69.497
69.124
68.9659
68.7635
68.8242
68.7775
69.0593
69.1514
69.6575
69.8692
70.6032
70.9145
71.8797
72.2705
73.4687
73.9207
75.3508
75.8489
77.506
78.04
79.9136
80.4791
82.5532
83.1522
85.4056
86.045
88.452
89.1434
91.6747
92.4325
95.0567
95.8966
98.5811
99.5188
102.231
103.281
105.989
107.162
109.838
111.142
113.76
115.196
117.739
119.301
121.758
123.434
125.8
127.573
129.85
131.696
133.891
135.786
137.907
139.828
141.882
143.806
145.8
147.71
149.647
151.527
153.409
155.247
157.072
158.86
160.625
162.356
164.058
165.727
167.363
168.964
170.53
172.06
173.552
175.008
176.424
177.802
179.14
180.437
181.693
182.909
184.082
185.213
186.301
187.346
188.347
189.305
190.219
191.089
191.914
192.695
193.431
194.122
194.768
195.368
195.924
196.434
196.899
197.318
197.691
198.019
198.302
198.539
198.73
198.876
198.976
199.03
199.039
199.002
198.919
198.79
198.616
198.396
198.13
197.818
197.46
197.055
196.605
196.108
195.565
194.975
194.339
193.656
192.926
192.148
191.324
190.452
189.533
188.566
187.551
186.488
185.376
184.217
183.008
181.751
180.445
179.09
177.685
176.232
174.728
173.175
171.572
169.919
168.216
166.463
164.66
162.806
160.902
158.947
156.941
154.885
152.778
150.62
148.412
146.152
143.842
141.48
139.068
136.604
134.09
131.524
128.908
126.241
123.522
120.753
117.934
115.063
112.142
109.171
106.15
103.078
99.9563
96.7849
93.5639
90.2935
86.9741
83.6057
80.1888
76.7237
73.2106
69.6499
66.0307
62.3502
58.6007
54.7815
50.8926
46.9327
42.9032
38.8063
34.6446
30.4213
26.1394
21.8021
17.4124
12.9728
8.48607
3.95439
-0.619793
-5.23422
293.977
-7104.46
4.13463e+06
3.34636e+12
7.6488e+18
7.37097e+18
1.05642e+19
1.31681e+19
1.57654e+19
