0
-0.00583355
-0.00583355
-0.00866929
-0.00885121
-0.00902673
-0.0092703
-0.00949122
-0.00968323
-0.0098471
-0.00997994
-0.0100793
-0.0101442
-0.0101755
-0.0101747
-0.0101441
-0.0100862
-0.0100043
-0.00990205
-0.00978322
-0.00965173
-0.00951145
-0.00936609
-0.00921916
-0.00907385
-0.00893299
-0.00879901
-0.0086739
-0.00855922
-0.00845607
-0.00836512
-0.00828663
-0.00822049
-0.00816626
-0.00812321
-0.00809037
-0.00806657
-0.00805053
-0.00804086
-0.00803614
-0.00803496
-0.00803596
-0.00803785
-0.00803945
-0.00803972
-0.00803778
-0.00803289
-0.0080245
-0.0080122
-0.00799576
-0.00797511
-0.0079503
-0.00792154
-0.0078891
-0.00785339
-0.00781485
-0.00777398
-0.00773132
-0.00768741
-0.00764278
-0.00759795
-0.00755339
-0.00750953
-0.00746675
-0.00742536
-0.0073856
-0.00734766
-0.00731165
-0.00727762
-0.00724556
-0.00721541
-0.00718706
-0.00716036
-0.00713514
-0.0071112
-0.00708832
-0.00706628
-0.00704486
-0.00702386
-0.00700307
-0.00698231
-0.00696144
-0.00694031
-0.00691882
-0.00689689
-0.00687447
-0.00685154
-0.0068281
-0.00680416
-0.00677976
-0.00675495
-0.00672981
-0.0067044
-0.0066788
-0.0066531
-0.00662737
-0.00660169
-0.00657612
-0.00655073
-0.00652556
-0.00650066
-0.00647604
-0.00645174
-0.00642776
-0.00640408
-0.00638071
-0.00635762
-0.00633477
-0.00631215
-0.00628971
-0.00626742
-0.00624523
-0.00622311
-0.00620102
-0.00617892
-0.00615679
-0.00613459
-0.00611231
-0.00608992
-0.00606741
-0.00604478
-0.00602202
-0.00599912
-0.00597609
-0.00595293
-0.00592966
-0.00590627
-0.00588278
-0.00585917
-0.00583548
-0.00581171
-0.00578787
-0.00576397
-0.00574001
-0.00571599
-0.00569191
-0.00566778
-0.0056436
-0.00561935
-0.00559504
-0.00557066
-0.0055462
-0.00552165
-0.00549702
-0.00547229
-0.00544745
-0.00542251
-0.00539744
-0.00537225
-0.00534693
-0.00532148
-0.0052959
-0.00527017
-0.00524431
-0.0052183
-0.00519215
-0.00516586
-0.00513943
-0.00511285
-0.00508614
-0.00505929
-0.0050323
-0.00500517
-0.00497791
-0.00495052
-0.004923
-0.00489534
-0.00486756
-0.00483965
-0.00481161
-0.00478344
-0.00475514
-0.00472672
-0.00469817
-0.00466949
-0.00464069
-0.00461176
-0.0045827
-0.00455352
-0.00452422
-0.00449479
-0.00446524
-0.00443557
-0.00440577
-0.00437586
-0.00434583
-0.00431569
-0.00428543
-0.00425506
-0.00422458
-0.004194
-0.00416331
-0.00413252
-0.00410164
-0.00407065
-0.00403958
-0.00400841
-0.00397716
-0.00394583
-0.00391441
-0.00388292
-0.00385135
-0.00381971
-0.003788
-0.00375622
-0.00372439
-0.0036925
-0.00366055
-0.00362855
-0.00359648
-0.00356436
-0.00353219
-0.00349999
-0.00346775
-0.00343547
-0.00340316
-0.00337083
-0.00333847
-0.0033061
-0.00327371
-0.0032413
-0.00320889
-0.00317648
-0.00314407
-0.00311167
-0.00307928
-0.0030469
-0.00301455
-0.00298221
-0.00294991
-0.00291764
-0.00288541
-0.00285322
-0.00282108
-0.002789
-0.00275697
-0.00272501
-0.00269311
-0.00266129
-0.00262954
-0.00259788
-0.0025663
-0.00253482
-0.00250344
-0.00247215
-0.00244098
-0.00240991
-0.00237897
-0.00234814
-0.00231745
-0.00228689
-0.00225646
-0.00222618
-0.00219604
-0.00216606
-0.00213623
-0.00210657
-0.00207708
-0.00204776
-0.00201862
-0.00198966
-0.00196089
-0.00193232
-0.00190394
-0.00187577
-0.00184781
-0.00182006
-0.00179253
-0.00176523
-0.00173816
-0.00171132
-0.00168473
-0.00165837
-0.00163227
-0.00160643
-0.00158084
-0.00155551
-0.00153046
-0.00150568
-0.00148118
-0.00145696
-0.00143303
-0.00140939
-0.00138605
-0.00136301
-0.00134028
-0.00131786
-0.00129574
-0.00127395
-0.00125248
-0.00123133
-0.00121052
-0.00119003
-0.00116989
-0.00115008
-0.00113062
-0.0011115
-0.00109273
-0.00107431
-0.00105625
-0.00103855
-0.00102121
-0.00100423
-0.000987613
-0.000971365
-0.000955487
-0.000939979
-0.000924844
-0.000910082
-0.000895696
-0.000881686
-0.000868053
-0.000854798
-0.000841921
-0.000829423
-0.000817305
-0.000805565
-0.000794204
-0.000783222
-0.000772618
-0.000762391
-0.000752541
-0.000743066
-0.000733964
-0.000725236
-0.000716878
-0.000708888
-0.000701266
-0.000694008
-0.000687112
-0.000680576
-0.000674397
-0.000668571
-0.000663095
-0.000657967
-0.000653182
-0.000648737
-0.000644628
-0.000640851
-0.000637402
-0.000634276
-0.000631469
-0.000628976
-0.000626793
-0.000624914
-0.000623335
-0.00062205
-0.000621053
-0.00062034
-0.000619905
-0.000619742
-0.000619845
-0.000620209
-0.000620827
-0.000621693
-0.000622802
-0.000624146
-0.000625719
-0.000627516
-0.000629529
-0.000631753
-0.00063418
-0.000636804
-0.000639618
-0.000642615
-0.000645789
-0.000649133
-0.00065264
-0.000656304
-0.000660117
-0.000664072
-0.000668164
-0.000672384
-0.000676726
-0.000681184
-0.00068575
-0.000690418
-0.000695181
-0.000700032
-0.000704964
-0.000709972
-0.000715047
-0.000720184
-0.000725376
-0.000730616
-0.000735899
-0.000741217
-0.000746564
-0.000751935
-0.000757322
-0.00076272
-0.000768122
-0.000773523
-0.000778917
-0.000784298
-0.000789659
-0.000794996
-0.000800303
-0.000805574
-0.000810803
-0.000815986
-0.000821117
-0.000826191
-0.000831202
-0.000836147
-0.000841019
-0.000845815
-0.000850529
-0.000855156
-0.000859693
-0.000864135
-0.000868477
-0.000872715
-0.000876846
-0.000880864
-0.000884767
-0.00088855
-0.000892209
-0.000895742
-0.000899144
-0.000902412
-0.000905543
-0.000908534
-0.00091138
-0.00091408
-0.000916631
-0.000919029
-0.000921272
-0.000923358
-0.000925283
-0.000927046
-0.000928644
-0.000930075
-0.000931336
-0.000932427
-0.000933344
-0.000934086
-0.000934652
-0.00093504
-0.000935247
-0.000935274
-0.000935118
-0.000934778
-0.000934254
-0.000933543
-0.000932646
-0.000931561
-0.000930288
-0.000928825
-0.000927173
-0.00092533
-0.000923297
-0.000921073
-0.000918658
-0.000916051
-0.000913253
-0.000910264
-0.000907083
-0.000903712
-0.00090015
-0.000896397
-0.000892455
-0.000888323
-0.000884002
-0.000879493
-0.000874797
-0.000869915
-0.000864846
-0.000859594
-0.000854157
-0.000848538
-0.000842738
-0.000836758
-0.0008306
-0.000824264
-0.000817753
-0.000811067
-0.000804209
-0.00079718
-0.000789983
-0.000782617
-0.000775087
-0.000767393
-0.000759537
-0.000751522
-0.00074335
-0.000735022
-0.000726542
-0.000717911
-0.000709131
-0.000700206
-0.000691137
-0.000681928
-0.00067258
-0.000663096
-0.000653479
-0.000643731
-0.000633855
-0.000623855
-0.000613732
-0.00060349
-0.000593132
-0.00058266
-0.000572078
-0.000561388
-0.000550594
-0.000539699
-0.000528705
-0.000517617
-0.000506436
-0.000495167
-0.000483813
-0.000472377
-0.000460863
-0.000449273
-0.000437611
-0.000425881
-0.000414086
-0.000402229
-0.000390314
-0.000378345
-0.000366324
-0.000354256
-0.000342144
-0.000329992
-0.000317803
-0.000305581
-0.00029333
-0.000281052
-0.000268753
-0.000256435
-0.000244102
-0.000231758
-0.000219406
-0.000207051
-0.000194695
-0.000182344
-0.000169999
-0.000157666
-0.000145347
-0.000133048
-0.00012077
-0.000108518
-9.6296e-05
-8.41073e-05
-7.19556e-05
-5.98446e-05
-4.77781e-05
-3.57596e-05
-2.37929e-05
-1.18816e-05
-2.92246e-08
1.17605e-05
2.3484e-05
3.51377e-05
4.67181e-05
5.82216e-05
6.96447e-05
8.09839e-05
9.22358e-05
0.000103397
0.000114464
0.000125433
0.000136302
0.000147066
0.000157723
0.000168269
0.000178701
0.000189016
0.000199211
0.000209282
0.000219227
0.000229043
0.000238727
0.000248275
0.000257686
0.000266955
0.000276081
0.000285061
0.000293892
0.000302572
0.000311097
0.000319466
0.000327677
0.000335726
0.000343612
0.000351333
0.000358886
0.000366269
0.00037348
0.000380518
0.00038738
0.000394065
0.000400572
0.000406898
0.000413041
0.000419002
0.000424777
0.000430367
0.000435769
0.000440983
0.000446008
0.000450842
0.000455485
0.000459936
0.000464194
0.000468259
0.000472131
0.000475808
0.000479291
0.000482579
0.000485673
0.000488571
0.000491275
0.000493785
0.0004961
0.00049822
0.000500148
0.000501882
0.000503424
0.000504774
0.000505933
0.000506902
0.000507681
0.000508273
0.000508678
0.000508896
0.000508931
0.000508783
0.000508453
0.000507943
0.000507255
0.00050639
0.000505351
0.000504139
0.000502756
0.000501204
0.000499486
0.000497603
0.000495558
0.000493353
0.00049099
0.000488473
0.000485803
0.000482983
0.000480016
0.000476904
0.000473651
0.000470259
0.00046673
0.000463069
0.000459277
0.000455358
0.000451315
0.000447151
0.000442869
0.000438473
0.000433964
0.000429348
0.000424627
0.000419803
0.000414882
0.000409865
0.000404757
0.00039956
0.000394279
0.000388916
0.000383475
0.000377959
0.000372373
0.000366718
0.000360999
0.00035522
0.000349383
0.000343493
0.000337552
0.000331564
0.000325532
0.00031946
0.000313352
0.000307211
0.00030104
0.000294842
0.000288621
0.000282381
0.000276124
0.000269854
0.000263574
0.000257287
0.000250998
0.000244708
0.000238421
0.00023214
0.000225868
0.000219609
0.000213365
0.00020714
0.000200936
0.000194756
0.000188603
0.00018248
0.00017639
0.000170336
0.00016432
0.000158345
0.000152414
0.000146528
0.000140692
0.000134907
0.000129175
0.0001235
0.000117883
0.000112327
0.000106834
0.000101406
9.60461e-05
9.07553e-05
8.55362e-05
8.03906e-05
7.53207e-05
7.03282e-05
6.5415e-05
6.0583e-05
5.58338e-05
5.11692e-05
4.65909e-05
4.21003e-05
3.76991e-05
3.33888e-05
2.91707e-05
2.50462e-05
2.10167e-05
1.70834e-05
1.32476e-05
9.51042e-06
5.87294e-06
2.33625e-06
-1.09866e-06
-4.43084e-06
-7.65938e-06
-1.07834e-05
-1.38022e-05
-1.6715e-05
-1.95211e-05
-2.22199e-05
-2.48107e-05
-2.72931e-05
-2.96666e-05
-3.19307e-05
-3.40851e-05
-3.61294e-05
-3.80634e-05
-3.98869e-05
-4.15995e-05
-4.32014e-05
-4.46922e-05
-4.60721e-05
-4.7341e-05
-4.8499e-05
-4.95463e-05
-5.04829e-05
-5.13091e-05
-5.20251e-05
-5.26313e-05
-5.31279e-05
-5.35155e-05
-5.37943e-05
-5.39649e-05
-5.40278e-05
-5.39835e-05
-5.38328e-05
-5.35761e-05
-5.32143e-05
-5.2748e-05
-5.21781e-05
-5.15052e-05
-5.07304e-05
-4.98544e-05
-4.88782e-05
-4.78028e-05
-4.66292e-05
-4.53583e-05
-4.39914e-05
-4.49574e-05
-4.09768e-05
-3.93284e-05
-3.76849e-05
-3.58453e-05
-3.39145e-05
-3.18982e-05
-2.9794e-05
-2.76038e-05
-2.53296e-05
-2.29734e-05
-2.0537e-05
-1.80224e-05
-1.54314e-05
-1.27658e-05
-1.00274e-05
-7.21783e-06
-4.33876e-06
-1.39182e-06
1.6214e-06
4.69933e-06
7.84041e-06
1.10431e-05
1.43058e-05
1.7627e-05
2.1005e-05
2.44383e-05
2.79252e-05
3.1464e-05
3.5053e-05
3.86903e-05
4.23742e-05
4.61027e-05
4.98741e-05
5.36863e-05
5.75373e-05
6.14253e-05
6.5348e-05
6.93035e-05
7.32896e-05
7.73043e-05
8.13455e-05
8.5411e-05
8.94988e-05
9.36066e-05
9.77325e-05
0.000101874
0.00010603
0.000110197
0.000114373
0.000118558
0.000122747
0.00012694
0.000131134
0.000135327
0.000139517
0.000143703
0.000147881
0.000152051
0.000156209
0.000160354
0.000164484
0.000168597
0.000172691
0.000176764
0.000180813
0.000184837
0.000188835
0.000192803
0.00019674
0.000200644
0.000204513
0.000208345
0.000212138
0.00021589
0.0002196
0.000223266
0.000226885
0.000230455
0.000233976
0.000237445
0.000240861
0.000244221
0.000247525
0.000250769
0.000253954
0.000257076
0.000260135
0.000263128
0.000266055
0.000268914
0.000271703
0.000274421
0.000277066
0.000279637
0.000282133
0.000284552
0.000286893
0.000289155
0.000291336
0.000293436
0.000295452
0.000297385
0.000299232
0.000300994
0.000302668
0.000304253
0.00030575
0.000307157
0.000308472
0.000309696
0.000310828
0.000311866
0.00031281
0.000313659
0.000314413
0.000315072
0.000315633
0.000316098
0.000316466
0.000316736
0.000316907
0.00031698
0.000316955
0.00031683
0.000316606
0.000316283
0.00031586
0.000315338
0.000314716
0.000313995
0.000313174
0.000312253
0.000311234
0.000310115
0.000308897
0.000307581
0.000306167
0.000304655
0.000303045
0.000301338
0.000299535
0.000297635
0.00029564
0.00029355
0.000291365
0.000289087
0.000286717
0.000284253
0.000281699
0.000279054
0.000276319
0.000273495
0.000270583
0.000267585
0.0002645
0.000261331
0.000258077
0.000254741
0.000251323
0.000247824
0.000244246
0.00024059
0.000236856
0.000233047
0.000229164
0.000225207
0.000221179
0.00021708
0.000212912
0.000208676
0.000204374
0.000200007
0.000195576
0.000191083
0.00018653
0.000181918
0.000177249
0.000172523
0.000167743
0.00016291
0.000158026
0.000153092
0.000148109
0.000143081
0.000138007
0.000132889
0.00012773
0.000122531
0.000117293
0.000112019
0.000106709
0.000101365
9.5989e-05
9.05828e-05
8.51478e-05
7.96855e-05
7.41978e-05
6.86861e-05
6.3152e-05
5.75973e-05
5.20234e-05
4.6432e-05
4.08247e-05
3.52031e-05
2.95687e-05
2.39231e-05
1.82679e-05
1.26045e-05
6.93464e-06
1.25971e-06
-4.41874e-06
-1.00992e-05
-1.57802e-05
-2.14603e-05
-2.71381e-05
-3.2812e-05
-3.84806e-05
-4.41426e-05
-4.97966e-05
-5.54411e-05
-6.10749e-05
-6.66966e-05
-7.23048e-05
-7.78984e-05
-8.34759e-05
-8.90362e-05
-9.4578e-05
-0.0001001
-0.000105601
-0.00011108
-0.000116536
-0.000121968
-0.000127374
-0.000132753
-0.000138105
-0.000143429
-0.000148722
-0.000153986
-0.000159217
-0.000164416
-0.000169582
-0.000174713
-0.000179809
-0.000184869
-0.000189892
-0.000194878
-0.000199825
-0.000204733
-0.000209602
-0.000214429
-0.000219216
-0.000223961
-0.000228664
-0.000233324
-0.000237941
-0.000242513
-0.000247041
-0.000251525
-0.000255963
-0.000260355
-0.000264701
-0.000269001
-0.000273254
-0.00027746
-0.000281618
-0.00028573
-0.000289793
-0.000293809
-0.000297776
-0.000301695
-0.000305566
-0.000309389
-0.000313163
-0.000316889
-0.000320566
-0.000324195
-0.000327776
-0.000331309
-0.000334793
-0.00033823
-0.000341619
-0.00034496
-0.000348254
-0.000351501
-0.000354701
-0.000357855
-0.000360963
-0.000364024
-0.000367041
-0.000370012
-0.000372939
-0.000375822
-0.000378661
-0.000381457
-0.000384211
-0.000386922
-0.000389593
-0.000392222
-0.000394811
-0.000397361
-0.000399872
-0.000402344
-0.000404779
-0.000407178
-0.00040954
-0.000411868
-0.000414161
-0.000416421
-0.000418648
-0.000420843
-0.000423007
-0.000425141
-0.000427247
-0.000429324
-0.000431374
-0.000433398
-0.000435397
-0.000437372
-0.000439324
-0.000441253
-0.000443162
-0.000445052
-0.000446922
-0.000448775
-0.000450612
-0.000452433
-0.00045424
-0.000456035
-0.000457817
-0.00045959
-0.000461353
-0.000463108
-0.000464857
-0.0004666
-0.000468339
-0.000470076
-0.00047181
-0.000473545
-0.000475281
-0.00047702
-0.000478762
-0.00048051
-0.000482264
-0.000484026
-0.000485798
-0.000487581
-0.000489376
-0.000491184
-0.000493008
-0.000494849
-0.000496707
-0.000498585
-0.000500483
-0.000502404
-0.000504349
-0.000506319
-0.000508316
-0.000510342
-0.000512397
-0.000514483
-0.000516602
-0.000518755
-0.000520944
-0.00052317
-0.000525435
-0.000527739
-0.000530086
-0.000532476
-0.00053491
-0.000537391
-0.000539919
-0.000542497
-0.000545125
-0.000547806
-0.00055054
-0.000553329
-0.000556174
-0.000559078
-0.000562041
-0.000565066
-0.000568153
-0.000571303
-0.00057452
-0.000577803
-0.000581154
-0.000584575
-0.000588067
-0.000591632
-0.000595271
-0.000598985
-0.000602776
-0.000606645
-0.000610594
-0.000614623
-0.000618735
-0.000622931
-0.000627212
-0.000631579
-0.000636033
-0.000640577
-0.000645211
-0.000649937
-0.000654755
-0.000659668
-0.000664677
-0.000669782
-0.000674984
-0.000680287
-0.000685689
-0.000691193
-0.0006968
-0.000702511
-0.000708328
-0.00071425
-0.000720281
-0.000726419
-0.000732668
-0.000739028
-0.000745499
-0.000752084
-0.000758783
-0.000765598
-0.000772528
-0.000779577
-0.000786743
-0.00079403
-0.000801436
-0.000808965
-0.000816615
-0.00082439
-0.000832289
-0.000840313
-0.000848464
-0.000856743
-0.00086515
-0.000873686
-0.000882352
-0.00089115
-0.000900079
-0.000909142
-0.000918339
-0.00092767
-0.000937137
-0.000946741
-0.000956482
-0.000966361
-0.00097638
-0.000986539
-0.000996839
-0.00100728
-0.00101786
-0.00102859
-0.00103946
-0.00105048
-0.00106165
-0.00107296
-0.00108441
-0.00109602
-0.00110778
-0.00111968
-0.00113174
-0.00114395
-0.00115632
-0.00116884
-0.00118151
-0.00119434
-0.00120732
-0.00122046
-0.00123377
-0.00124723
-0.00126085
-0.00127463
-0.00128858
-0.00130269
-0.00131696
-0.0013314
-0.00134601
-0.00136078
-0.00137572
-0.00139083
-0.00140612
-0.00142157
-0.0014372
-0.00145301
-0.00146899
-0.00148514
-0.00150148
-0.00151799
-0.00153469
-0.00155157
-0.00156863
-0.00158588
-0.00160332
-0.00162094
-0.00163876
-0.00165677
-0.00167497
-0.00169336
-0.00171195
-0.00173075
-0.00174974
-0.00176893
-0.00178833
-0.00180794
-0.00182775
-0.00184778
-0.00186801
-0.00188847
-0.00190914
-0.00193003
-0.00195114
-0.00197248
-0.00199404
-0.00201583
-0.00203786
-0.00206012
-0.00208262
-0.00210537
-0.00212835
-0.00215158
-0.00217507
-0.00219881
-0.0022228
-0.00224706
-0.00227158
-0.00229636
-0.00232142
-0.00234676
-0.00237237
-0.00239827
-0.00242446
-0.00245094
-0.00247771
-0.00250479
-0.00253217
-0.00255986
-0.00258787
-0.0026162
-0.00264485
-0.00267384
-0.00270316
-0.00273282
-0.00276284
-0.0027932
-0.00282393
-0.00285502
-0.00288649
-0.00291834
-0.00295057
-0.00298319
-0.00301622
-0.00304966
-0.00308351
-0.00311778
-0.00315249
-0.00318763
-0.00322322
-0.00325927
-0.00329579
-0.00333278
-0.00337026
-0.00340823
-0.0034467
-0.00348569
-0.0035252
-0.00356525
-0.00360585
-0.003647
-0.00368873
-0.00373104
-0.00377394
-0.00381745
-0.00386158
-0.00390634
-0.00395175
-0.00399782
-0.00404457
-0.00409201
-0.00414016
-0.00418903
-0.00423865
-0.00428902
-0.00434016
-0.00439209
-0.00444484
-0.00449841
-0.00455284
-0.00460813
-0.00466431
-0.0047214
-0.00477943
-0.00483841
-0.00489837
-0.00495933
-0.00502132
-0.00508436
-0.00514848
-0.00521371
-0.00528007
-0.00534759
-0.00541631
-0.00548624
-0.00555744
-0.00562992
-0.00570371
-0.00577887
-0.00585541
-0.00593338
-0.00601282
-0.00609376
-0.00617625
-0.00626032
-0.00634602
-0.0064334
-0.0065225
-0.00661337
-0.00670606
-0.00680062
-0.0068971
-0.00699556
-0.00709605
-0.00719864
-0.00730337
-0.00741033
-0.00751956
-0.00763114
-0.00774514
-0.00786163
-0.00798069
-0.00810239
-0.00822681
-0.00835404
-0.00848416
-0.00861726
-0.00875345
-0.0088928
-0.00903544
-0.00918145
-0.00933095
-0.00948405
-0.00964087
-0.00980153
-0.00996616
-0.0101349
-0.0103079
-0.0104852
-0.0106671
-0.0108537
-0.0110451
-0.0112415
-0.0114431
-0.0116501
-0.0118627
-0.0120811
-0.0123054
-0.0125359
-0.0127729
-0.0130165
-0.013267
-0.0135247
-0.0137899
-0.0140628
-0.0143437
-0.014633
-0.014931
-0.0152379
-0.0155543
-0.0158804
-0.0162167
-0.0165636
-0.0169214
-0.0172908
-0.0176721
-0.0180659
-0.0184727
-0.0188931
-0.0193277
-0.019777
-0.0202419
-0.0207229
-0.0212207
-0.0217363
-0.0222704
-0.0228238
-0.0233975
-0.0239925
-0.0246097
-0.0252503
-0.0259154
-0.0266063
-0.0273242
-0.0280705
-0.0288467
-0.0296543
-0.030495
-0.0313705
-0.0322827
-0.0332335
-0.0342251
-0.0352597
-0.0363398
-0.0374678
-0.0386465
-0.0398789
-0.0411679
-0.042517
-0.0439297
-0.0454098
-0.0469614
-0.0485887
-0.0502965
-0.0520898
-0.0539737
-0.0559542
-0.0580372
-0.0602293
-0.0625376
-0.0649695
-0.0675331
-0.0702369
-0.0730902
-0.0761026
-0.0792847
-0.0826476
-0.0862031
-0.0899637
-0.0939427
-0.098154
-0.102612
-0.107333
-0.112332
-0.117625
-0.12323
-0.129162
-0.13544
-0.142078
-0.149092
-0.156495
-0.1643
-0.172514
-0.181141
-0.19018
-0.199623
-0.209454
-0.219646
-0.230158
-0.24094
-0.25192
-0.263011
-0.274107
-0.28508
-0.295785
-0.306056
-0.315714
-0.324568
-0.332422
-0.339086
-0.34438
-0.348146
-0.35
-0.35
-0.349209
-0.345998
-0.341042
-0.334471
-0.326398
-0.316987
-0.306429
-0.294928
-0.282695
-0.269937
-0.256852
-0.243624
-0.230421
-0.217391
-0.204659
-0.192331
-0.180491
-0.169204
-0.158516
-0.148458
-0.139044
-0.130278
-0.12215
-0.114643
-0.107731
-0.101383
-0.0955632
-0.0902316
-0.0853474
-0.0808687
-0.076754
-0.0729629
-0.0694566
-0.0661991
-0.0631573
-0.0603013
-0.0576046
-0.055047
-0.0526021
-0.0502615
-0.0480104
-0.0458395
-0.0437423
-0.0417147
-0.0397548
-0.0378621
-0.0360375
-0.034283
-0.0326008
-0.0309938
-0.0294644
-0.0280149
-0.0266472
-0.0253624
-0.0241608
-0.0230419
-0.0220043
-0.0210457
-0.0201631
-0.0193528
-0.0186102
-0.0179306
-0.0173088
-0.0167393
-0.0162167
-0.0157357
-0.0152911
-0.0148783
-0.0144929
-0.0141311
-0.0137897
-0.013466
-0.013158
-0.0128641
-0.0125834
-0.0123153
-0.0120596
-0.0118166
-0.0115866
-0.0113702
-0.011168
-0.0109805
-0.0108082
-0.0106516
-0.0105107
-0.0103857
-0.0102762
-0.0101818
-0.0101019
-0.0100355
-0.00998177
-0.00993947
-0.00990743
-0.00988441
-0.00986916
-0.00986047
-0.00985721
-0.00985833
-0.0098629
-0.00987012
-0.00987931
-0.00988992
-0.00990154
-0.00991385
-0.00992662
-0.00993969
-0.00995297
-0.00996638
-0.00997985
-0.00999332
-0.0100067
-0.0100199
-0.0100327
-0.010045
-0.0100566
-0.0100671
-0.0100762
-0.0100838
-0.0100894
-0.0100927
-0.0100934
-0.0100911
-0.0100857
-0.0100768
-0.0100642
-0.0100477
-0.0100272
-0.0100025
-0.00997349
-0.00994014
-0.00990239
-0.00986019
-0.00981353
-0.0097624
-0.0097068
-0.00964672
-0.00958216
-0.00951311
-0.00943957
-0.00936152
-0.00927897
-0.00919189
-0.00910028
-0.00900413
-0.00890343
-0.00879818
-0.00868839
-0.00857406
-0.00845523
-0.00833192
-0.00820416
-0.008072
-0.00793549
-0.00779469
-0.00764966
-0.00750046
-0.00734718
-0.00718988
-0.00702864
-0.00686354
-0.00669465
-0.00652206
-0.00634584
-0.00616607
-0.00598284
-0.00579622
-0.00560628
-0.00541313
-0.00521682
-0.00501745
-0.0048151
-0.00460984
-0.00440178
-0.00419098
-0.00397754
-0.00376154
-0.00354307
-0.00332223
-0.00309909
-0.00287374
-0.00264628
-0.00241679
-0.00218536
-0.00195208
-0.00171703
-0.00148031
-0.00124199
-0.00100216
-0.000760907
-0.000518311
-0.000274456
-2.94229e-05
0.000216707
0.000463854
0.000711939
0.000960884
0.00121061
0.00146104
0.00171211
0.00196372
0.00221582
0.00246833
0.00272117
0.00297428
0.00322759
0.00348102
0.00373451
0.003988
0.00424142
0.0044947
0.00474778
0.00500061
0.00525312
0.00550525
0.00575694
0.00600814
0.0062588
0.00650886
0.00675827
0.00700698
0.00725493
0.00750209
0.00774839
0.00799381
0.00823829
0.00848179
0.00872427
0.00896568
0.009206
0.00944517
0.00968317
0.00991996
0.0101555
0.0103898
0.0106227
0.0108543
0.0110845
0.0113134
0.0115408
0.0117667
-0.0491332
-0.0492793
-0.0494234
-0.0465728
-0.0441349
-0.0422235
-0.0409698
-0.0403165
-0.0401978
-0.0405299
-0.0412121
-0.0421402
-0.0432185
-0.0443655
-0.0455141
-0.046612
-0.0476215
-0.0485192
-0.0492942
-0.0499457
-0.050481
-0.0509127
-0.0512571
-0.0515322
-0.051756
-0.0519457
-0.0521165
-0.0522813
-0.0524503
-0.0526312
-0.0528289
-0.0530463
-0.0532843
-0.0535423
-0.0538182
-0.0541096
-0.0544131
-0.0547254
-0.0550431
-0.055363
-0.0556821
-0.0559981
-0.0563087
-0.0566125
-0.0569081
-0.057195
-0.0574726
-0.0577408
-0.0579998
-0.0582498
-0.0584913
-0.0587247
-0.0589506
-0.0591695
-0.0593819
-0.0595881
-0.0597885
-0.0599835
-0.060173
-0.0603573
-0.0605363
-0.06071
-0.0608783
-0.061041
-0.0611978
-0.0613487
-0.0614933
-0.0616314
-0.0617627
-0.061887
-0.0620041
-0.0621138
-0.062216
-0.0623104
-0.0623969
-0.0624756
-0.0625462
-0.0626089
-0.0626635
-0.0627101
-0.0627487
-0.0627794
-0.0628022
-0.0628173
-0.0628247
-0.0628246
-0.0628171
-0.0628022
-0.0627803
-0.0627513
-0.0627155
-0.0626729
-0.0626238
-0.0625684
-0.0625067
-0.0624391
-0.0623655
-0.0622863
-0.0622015
-0.0621114
-0.0620162
-0.061916
-0.0618111
-0.0617015
-0.0615875
-0.0614693
-0.061347
-0.0612208
-0.0610909
-0.0609574
-0.0608206
-0.0606805
-0.0605374
-0.0603913
-0.0602425
-0.060091
-0.0599371
-0.0597807
-0.0596221
-0.0594614
-0.0592986
-0.0591339
-0.0589675
-0.0587992
-0.0586294
-0.058458
-0.0582852
-0.0581111
-0.0579356
-0.057759
-0.0575812
-0.0574024
-0.0572226
-0.0570419
-0.0568603
-0.056678
-0.0564949
-0.0563112
-0.0561269
-0.0559421
-0.0557568
-0.055571
-0.0553849
-0.0551985
-0.0550119
-0.054825
-0.054638
-0.054451
-0.0542639
-0.0540768
-0.0538899
-0.0537031
-0.0535164
-0.0533301
-0.0531441
-0.0529584
-0.0527732
-0.0525885
-0.0524043
-0.0522208
-0.0520379
-0.0518558
-0.0516745
-0.051494
-0.0513145
-0.051136
-0.0509585
-0.0507821
-0.0506069
-0.0504329
-0.0502603
-0.050089
-0.0499191
-0.0497508
-0.049584
-0.0494188
-0.0492554
-0.0490936
-0.0489337
-0.0487757
-0.0486196
-0.0484656
-0.0483135
-0.0481637
-0.048016
-0.0478705
-0.0477273
-0.0475866
-0.0474482
-0.0473123
-0.0471789
-0.0470482
-0.04692
-0.0467946
-0.0466719
-0.046552
-0.0464349
-0.0463207
-0.0462095
-0.0461012
-0.0459959
-0.0458937
-0.0457946
-0.0456987
-0.0456059
0.0296135
0.0296161
0.0296268
0.0354484
0.0401811
0.0434498
0.0459399
0.0475594
0.0481352
0.0477056
0.0464842
0.0446642
0.0424118
0.0399108
0.0373626
0.0349372
0.0327577
0.0309098
0.0294467
0.0283849
0.0277048
0.0273608
0.0272904
0.0274204
0.0276738
0.0279759
0.0282607
0.0284739
0.0285755
0.0285403
0.0283575
0.0280298
0.0275706
0.0270016
0.0263497
0.0256443
0.0249145
0.0241871
0.023485
0.0228258
0.0222215
0.0216785
0.021198
0.0207767
0.0204077
0.0200819
0.0197886
0.019517
0.0192566
0.0189984
0.0187349
0.0184607
0.0181724
0.0178686
0.0175496
0.0172173
0.0168745
0.0165247
0.0161717
0.0158194
0.0154712
0.01513
0.0147982
0.0144772
0.0141679
0.0138703
0.0135841
0.0133083
0.0130416
0.0127825
0.0125295
0.0122811
0.0120358
0.0117923
0.0115498
0.0113073
0.0110644
0.0108207
0.0105761
0.0103306
0.0100843
0.00983732
0.00958985
0.00934205
0.00909403
0.00884583
0.00859739
0.00834859
0.00809918
0.00784885
0.00759721
0.00734378
0.00708805
0.00682945
0.0065674
0.00630127
0.00603044
0.00575427
0.00547214
0.00518341
0.00488745
0.00458361
0.00426884
0.00394976
0.00361841
0.0032764
0.00292331
0.00255823
0.00218034
0.00178881
0.00138275
0.000961193
0.000523132
6.74783e-05
-0.000406923
-0.000901306
-0.00141698
-0.00195536
-0.00251792
-0.00310626
-0.00372208
-0.00436718
-0.00504351
-0.00575313
-0.00649825
-0.00728122
-0.0081046
-0.00897108
-0.00988361
-0.0108453
-0.0118596
-0.0129301
-0.0140607
-0.0152558
-0.0165199
-0.017858
-0.0192756
-0.0207784
-0.022373
-0.0240663
-0.0258658
-0.0277799
-0.0298175
-0.0319885
-0.0343037
-0.036775
-0.0394152
-0.0422386
-0.0452608
-0.0484988
-0.0519714
-0.0556992
-0.0597051
-0.0640138
-0.0686529
-0.0736523
-0.0790452
-0.0848676
-0.0911589
-0.0979624
-0.105325
-0.113296
-0.12193
-0.131285
-0.14142
-0.152397
-0.16428
-0.177127
-0.190996
-0.205932
-0.221969
-0.239117
-0.257355
-0.276621
-0.296799
-0.317703
-0.339067
-0.35
-0.35
-0.35
-0.35
-0.35
-0.35
-0.35
-0.35
-0.35
-0.35
-0.35
-0.35
-0.35
-0.35
-0.35
-0.35
-0.342191
-0.321017
-0.300219
-0.279937
-0.260123
-0.241008
-0.222798
-0.205582
-0.189392
-0.174237
-0.160119
-0.147023
-0.134925
-0.123787
-0.113566
-0.104218
-0.0956924
-0.0879398
-0.0809075
-0.0745423
-0.0687905
-0.0635981
-0.0589117
-0.0546786
-0.0508473
-0.047371
-0.0441953
-0.0412833
-0.0385922
-0.0360849
-0.0337288
-0.0314956
-0.0293613
-0.0273066
-0.0253163
-0.0233797
-0.0214896
-0.0196426
-0.0178385
-0.0160793
-0.0143693
-0.0127145
-0.0111217
-0.00959807
-0.00815095
-0.00678704
-0.00551217
-0.00433095
-0.00324652
-0.00226044
-0.00137261
-0.000581346
0.000116525
0.00072543
0.0012508
0.00169878
0.00207589
0.00238871
0.00264359
0.00284635
0.00300211
0.00311512
0.00318866
0.00322504
0.00322564
0.003191
0.00312104
0.00301515
0.00287247
0.00269208
0.00247321
0.00221539
0.00191864
0.00158351
0.00121123
0.000803631
0.000363171
-0.000107157
-0.000603924
-0.00112338
-0.00166161
-0.00221461
-0.0027785
-0.00334956
-0.00392435
-0.00449976
-0.00507305
-0.00564186
-0.00620419
-0.00675836
-0.00730297
-0.00783684
-0.00835893
-0.00886831
-0.00936411
-0.00984545
-0.0103115
-0.0107612
-0.0111938
-0.0116082
-0.0120035
-0.0123788
-0.0127332
-0.0130659
-0.0133763
-0.0136637
-0.0139278
-0.0141683
-0.0143851
-0.0145781
-0.0147475
-0.0148934
-0.0150161
-0.0151161
-0.0151936
-0.0152492
-0.0152831
-0.015296
-0.0152882
-0.0152602
-0.0152123
-0.0151451
-0.015059
-0.0149543
-0.0148317
-0.0146914
-0.0145341
-0.0143602
-0.0141702
-0.0139646
-0.013744
-0.0135089
-0.0132597
-0.0129972
-0.0127217
-0.0124338
-0.012134
-0.0118228
-0.0115007
-0.0111681
-0.0108255
-0.0104733
-0.0101119
-0.00974186
-0.00936344
-0.00897709
-0.00858318
-0.0081821
-0.0077742
-0.00735987
-0.00693944
-0.00651327
-0.00608168
-0.00564502
-0.00520359
-0.0047577
-0.00430767
-0.00385379
-0.00339633
-0.00293558
-0.00247181
-0.00200528
-0.00153624
-0.00106495
-0.000591644
-0.000116563
0.000360061
0.000838002
0.00131704
0.00179695
0.00227752
0.00275856
0.00323984
0.00372117
0.00420236
0.00468321
0.00516353
0.00564315
0.00612187
-0.0465118
-0.0469208
-0.0473272
-0.042698
-0.0391045
-0.0367825
-0.036108
-0.036781
-0.0384221
-0.0406068
-0.042933
-0.0451102
-0.0469622
-0.0484158
-0.0494695
-0.0501801
-0.0506364
-0.0509366
-0.0511687
-0.0514033
-0.0516889
-0.0520528
-0.0525027
-0.0530327
-0.0536277
-0.0542685
-0.054935
-0.0556093
-0.0562765
-0.0569262
-0.0575517
-0.0581501
-0.0587209
-0.0592658
-0.0597876
-0.0602895
-0.0607749
-0.0612465
-0.0617067
-0.0621572
-0.062599
-0.0630326
-0.063458
-0.0638749
-0.0642829
-0.0646814
-0.0650697
-0.0654474
-0.065814
-0.0661691
-0.0665125
-0.0668441
-0.0671641
-0.0674724
-0.0677695
-0.0680555
-0.0683309
-0.068596
-0.0688513
-0.0690974
-0.0693346
-0.0695636
-0.0697847
-0.0699986
-0.0702057
-0.0704066
-0.0706018
-0.0707917
-0.0709769
-0.0711578
-0.071335
-0.0715089
-0.0716799
-0.0718486
-0.0720152
-0.0721802
-0.0723439
-0.0725066
-0.0726687
-0.0728304
-0.0729917
-0.073153
-0.0733143
-0.0734757
-0.0736371
-0.0737986
-0.0739599
-0.074121
-0.0742817
-0.0744416
-0.0746006
-0.0747582
-0.0749141
-0.0750678
-0.075219
-0.0753671
-0.0755118
-0.0756525
-0.0757887
-0.0759201
-0.0760461
-0.0761664
-0.0762806
-0.0763883
-0.0764893
-0.0765833
-0.0766702
-0.07675
-0.0768224
-0.0768877
-0.0769459
-0.0769972
-0.0770418
-0.0770801
-0.0771123
-0.077139
-0.0771604
-0.0771771
-0.0771895
-0.0771982
-0.0772035
-0.077206
-0.0772061
-0.0772042
-0.0772006
-0.0771956
-0.0771895
-0.0771826
-0.0771748
-0.0771664
-0.0771573
-0.0771475
-0.0771369
-0.0771254
-0.0771129
-0.0770992
-0.077084
-0.0770671
-0.0770483
-0.0770273
-0.0770038
-0.0769778
-0.0769487
-0.0769166
-0.0768811
-0.076842
-0.0767991
-0.0767522
-0.0767013
-0.076646
-0.0765862
-0.0765218
-0.0764528
-0.0763788
-0.0762999
-0.0762159
-0.0761269
-0.0760326
-0.0759331
-0.0758283
-0.0757182
-0.0756029
-0.0754823
-0.0753566
-0.0752257
-0.0750898
-0.074949
-0.0748034
-0.0746531
-0.0744983
-0.0743391
-0.0741758
-0.0740086
-0.0738376
-0.0736631
-0.0734853
-0.0733045
-0.0731209
-0.0729348
-0.0727465
-0.0725562
-0.0723643
-0.072171
-0.0719767
-0.0717816
-0.0715862
-0.0713906
0.0568324
0.0567925
0.0567582
0.0680463
0.0771744
0.0830781
0.0877219
0.0907173
0.0914115
0.0899205
0.0869443
0.0830166
0.078404
0.0732702
0.0681927
0.06364
0.0597838
0.0566802
0.0544247
0.0530087
0.052399
0.0523475
0.0525436
0.0528984
0.0532598
0.0534448
0.0533131
0.0528387
0.052005
0.050819
0.0493218
0.047598
0.0457305
0.043801
0.0418859
0.0400558
0.038358
0.0368211
0.0354549
0.0342548
0.0332006
0.0322633
0.0314093
0.030605
0.0298186
0.0290243
0.0282034
0.0273451
0.0264458
0.0255087
0.0245421
0.0235575
0.0225683
0.0215875
0.0206269
0.0196959
0.0188009
0.0179452
0.0171289
0.01635
0.0156041
0.0148859
0.0141894
0.0135087
0.0128384
0.0121741
0.0115126
0.0108516
0.0101901
0.00952786
0.00886525
0.00820313
0.00754247
0.00688411
0.00622867
0.00557635
0.0049269
0.00427958
0.00363323
0.00298626
0.0023368
0.00168272
0.00102176
0.00035155
-0.000330285
-0.00102613
-0.00173836
-0.00246932
-0.00322141
-0.00399705
-0.00479875
-0.00562918
-0.00649121
-0.00738792
-0.00832273
-0.00929935
-0.0103219
-0.011395
-0.0125235
-0.0137131
-0.0149698
-0.0163003
-0.017712
-0.0192131
-0.0208124
-0.0225199
-0.0243466
-0.0263044
-0.028407
-0.0306694
-0.0331081
-0.0357421
-0.0385921
-0.041682
-0.0450381
-0.0486906
-0.0526758
-0.0570251
-0.0617893
-0.0670163
-0.0727625
-0.0790931
-0.0860827
-0.0938165
-0.102393
-0.111923
-0.122537
-0.134381
-0.147625
-0.162458
-0.179096
-0.197779
-0.218769
-0.242343
-0.268785
-0.298364
-0.331294
-0.35
-0.35
-0.35
-0.35
-0.35
-0.35
-0.35
-0.35
-0.35
-0.35
-0.35
-0.35
-0.35
-0.35
-0.35
-0.35
-0.35
-0.35
-0.35
-0.345423
-0.311502
-0.280954
-0.253546
-0.228519
-0.205797
-0.185369
-0.16708
-0.150717
-0.136076
-0.122983
-0.111281
-0.100822
-0.09147
-0.0830993
-0.0755969
-0.0688608
-0.0627992
-0.0573297
-0.0523783
-0.0478788
-0.0437721
-0.0400058
-0.0365332
-0.0333131
-0.0303095
-0.0274909
-0.02483
-0.0223034
-0.0198912
-0.017577
-0.0153472
-0.0131911
-0.0111006
-0.00906984
-0.00709508
-0.00517454
-0.00330816
-0.00149737
0.000255085
0.00194539
0.00356886
0.00512023
0.00659385
0.00798401
0.00928515
0.0104922
0.0116007
0.0126074
0.01351
0.0143077
0.0150013
0.0155932
0.0160876
0.0164878
0.0168085
0.0170511
0.0172279
0.0173498
0.0174276
0.0174728
0.0174959
0.0175069
0.0175144
0.0175256
0.0175453
0.0175763
0.0176191
0.0176716
0.0177294
0.0177857
0.0178319
0.0178577
0.0178516
0.0178014
0.0176948
0.0175199
0.0172658
0.0169231
0.0164842
0.0159437
0.0152986
0.0145485
0.0136955
0.0127441
0.0117008
0.010574
0.00937324
0.00810912
0.00679262
0.00543468
0.00404584
0.00263587
0.00121352
-0.000213613
-0.00163921
-0.00305817
-0.00446652
-0.00586126
-0.00724015
-0.00860148
-0.00994383
-0.0112658
-0.012566
-0.0138427
-0.0150936
-0.0163163
-0.017508
-0.0186652
-0.0197847
-0.0208628
-0.0218962
-0.0228815
-0.0238159
-0.024697
-0.0255227
-0.026292
-0.0270039
-0.0276585
-0.0282562
-0.0287978
-0.0292846
-0.029718
-0.0300997
-0.0304314
-0.0307149
-0.0309519
-0.0311438
-0.0312923
-0.0313985
-0.0314639
-0.0314895
-0.0314765
-0.0314261
-0.0313394
-0.0312176
-0.031062
-0.0308738
-0.0306544
-0.0304054
-0.0301281
-0.029824
-0.0294946
-0.0291414
-0.0287659
-0.0283693
-0.027953
-0.0275181
-0.027066
-0.0265975
-0.0261138
-0.0256157
-0.0251042
-0.0245801
-0.0240442
-0.0234973
-0.0229401
-0.0223735
-0.0217979
-0.0212143
-0.0206231
-0.0200251
-0.0194208
-0.0188109
-0.0181957
-0.0175759
-0.016952
-0.0163243
-0.0156933
-0.0150594
-0.0144229
-0.0137842
-0.0131437
-0.0125015
-0.0118581
-0.0112136
-0.0105684
-0.00992271
-0.00927674
-0.00863074
-0.00798493
-0.00733952
-0.00669473
-0.00605074
-0.00540774
-0.00476592
-0.00412545
-0.0034865
-0.00284922
-0.00221379
-0.00158035
-0.000949052
-0.000320044
0.000306531
0.000930531
0.00155182
0.00217025
0.00278569
0.00339801
0.00400706
0.00461273
0.00521486
0.00581334
0.00640803
0.0069988
0.00758552
0.00816807
0.00874632
0.00932014
0.00988942
0.010454
0.0110138
0.0115687
0.0121186
0.0126633
0.0132028
0.0137369
0.0142656
0.0147887
0.0153061
0.0158178
0.0163236
0.0168236
-0.0561547
-0.0565496
-0.0569373
-0.0517222
-0.0475684
-0.0446925
-0.0434011
-0.0434364
-0.0445007
-0.0462612
-0.0483859
-0.0506047
-0.0527241
-0.0546217
-0.0562296
-0.0575272
-0.0585312
-0.0592827
-0.0598347
-0.0602426
-0.0605585
-0.0608273
-0.0610845
-0.0613552
-0.0616553
-0.0619928
-0.0623691
-0.0627813
-0.0632234
-0.0636876
-0.0641658
-0.06465
-0.0651333
-0.0656097
-0.0660744
-0.0665241
-0.0669566
-0.0673707
-0.0677662
-0.0681434
-0.0685034
-0.0688472
-0.0691766
-0.069493
-0.0697981
-0.0700935
-0.0703808
-0.0706614
-0.0709366
-0.0712077
-0.0714757
-0.0717416
-0.0720064
-0.0722709
-0.0725358
-0.0728018
-0.0730694
-0.0733394
-0.0736121
-0.073888
-0.0741674
-0.0744508
-0.0747382
-0.0750298
-0.0753258
-0.0756261
-0.0759304
-0.0762387
-0.0765505
-0.0768652
-0.0771824
-0.0775012
-0.0778209
-0.0781403
-0.0784582
-0.0787732
-0.0790843
-0.07939
-0.0796886
-0.0799786
-0.0802582
-0.0805258
-0.0807797
-0.0810183
-0.0812401
-0.0814434
-0.081627
-0.0817896
-0.0819302
-0.0820479
-0.082142
-0.0822122
-0.0822583
-0.0822804
-0.0822789
-0.0822545
-0.0822081
-0.0821407
-0.0820538
-0.0819489
-0.0818277
-0.0816919
-0.0815436
-0.0813847
-0.081217
-0.0810425
-0.0808629
-0.0806798
-0.0804949
-0.0803093
-0.0801241
-0.0799403
-0.0797585
-0.079579
-0.0794021
-0.0792279
-0.079056
-0.0788862
-0.0787182
-0.0785513
-0.078385
-0.0782188
-0.0780521
-0.0778842
-0.0777148
-0.0775435
-0.0773697
-0.0771933
-0.077014
-0.0768317
-0.0766463
-0.0764576
-0.0762656
-0.0760702
-0.0758715
-0.0756694
-0.0754639
-0.0752548
-0.0750421
-0.0748257
-0.0746055
-0.0743815
-0.0741535
-0.0739214
-0.0736853
-0.0734451
-0.0732008
-0.0729525
-0.0727003
-0.0724442
-0.0721843
-0.071921
-0.0716542
-0.0713842
-0.0711113
-0.0708356
-0.0705573
-0.0702768
-0.0699941
-0.0697097
-0.0694236
-0.0691363
-0.0688479
-0.0685587
-0.068269
-0.0679792
-0.0676894
-0.0674
-0.0671113
-0.0668236
-0.0665373
-0.0662526
-0.0659698
-0.0656893
-0.0654114
-0.0651364
-0.0648646
-0.0645964
-0.064332
-0.0640718
-0.0638161
-0.0635652
-0.0633195
0.0508048
0.0507073
0.0506204
0.0621434
0.0711685
0.0767719
0.0810031
0.0834015
0.0834388
0.0813764
0.0779586
0.0737297
0.0689139
0.0637205
0.0588511
0.0546334
0.0511731
0.0484967
0.0467063
0.0457803
0.0455396
0.0456679
0.0460363
0.0465093
0.0469022
0.0470504
0.0469035
0.0464361
0.0456412
0.0445426
0.0432122
0.041726
0.0401591
0.0385831
0.037067
0.0356598
0.0343924
0.0332782
0.0323178
0.0314963
0.0307899
0.0301694
0.0296051
0.0290682
0.0285342
0.0279846
0.027408
0.0267989
0.0261582
0.0254911
0.0248065
0.024115
0.0234274
0.0227538
0.0221028
0.0214803
0.0208901
0.0203333
0.019809
0.0193145
0.0188459
0.0183986
0.0179681
0.0175497
0.0171398
0.0167352
0.0163337
0.015934
0.0155355
0.015138
0.0147418
0.0143476
0.0139558
0.0135669
0.0131811
0.0127982
0.0124178
0.012039
0.0116606
0.0112812
0.0108989
0.0105119
0.010118
0.00971505
0.0093006
0.00887226
0.00842748
0.00796362
0.00747786
0.00696722
0.00642843
0.00585795
0.00525183
0.0046057
0.00391463
0.00317308
0.00237477
0.00151259
0.000578445
-0.000436885
-0.00154395
-0.00275483
-0.00408343
-0.00554581
-0.00716057
-0.00894936
-0.0109375
-0.0131549
-0.0156366
-0.0184248
-0.0215694
-0.025131
-0.029183
-0.0338152
-0.0391382
-0.0452896
-0.0524422
-0.0608152
-0.0706895
-0.0824297
-0.0965148
-0.113583
-0.134497
-0.160444
-0.193081
-0.234755
-0.28887
-0.35
-0.35
-0.35
-0.35
-0.35
-0.35
-0.35
-0.35
-0.35
-0.35
-0.35
-0.35
-0.35
-0.35
-0.35
-0.35
-0.294978
-0.240063
-0.197665
-0.162949
-0.133869
-0.109586
-0.0892926
-0.0722448
-0.0578689
-0.0457552
-0.035589
-0.027104
-0.0200669
-0.0142734
-0.00954456
-0.00571826
-0.00265902
-0.000239097
0.00165468
0.00312307
0.00425479
0.00512757
0.00580896
0.00635704
0.00682112
0.00724252
0.00765526
0.00808681
0.00855882
0.00908772
0.00968538
0.0103596
0.0111148
0.0119521
0.0128701
0.013865
0.0149309
0.01606
0.0172431
0.0184695
0.0197272
0.0210032
0.0222836
0.0235538
0.0247987
0.0260026
0.02715
0.0282253
0.0292132
0.0300991
0.0308694
0.0315114
0.0320143
0.0323688
0.0325677
0.0326062
0.0324822
0.032196
0.0317509
0.0311556
0.0304181
0.0295457
0.0285601
0.0274703
0.0262962
0.0250568
0.0237714
0.0224595
0.0211401
0.0198313
0.0185496
0.0173092
0.016122
0.0149971
0.0139404
0.0129549
0.0120403
0.0111935
0.0104085
0.00967725
0.00898956
0.00833397
0.00769816
0.00706958
0.00643599
0.00578607
0.00510982
0.00439904
0.00364759
0.00285167
0.00200981
0.00112292
0.000194126
-0.000771502
-0.00176725
-0.00278518
-0.00381656
-0.0048523
-0.00588341
-0.00690143
-0.00789874
-0.00886886
-0.00980665
-0.0107084
-0.0115718
-0.012396
-0.0131815
-0.0139294
-0.0146422
-0.0153223
-0.0159729
-0.0165968
-0.0171968
-0.0177752
-0.0183336
-0.0188733
-0.0193945
-0.0198971
-0.0203804
-0.0208431
-0.0212837
-0.0217005
-0.0220917
-0.0224556
-0.022791
-0.0230967
-0.023372
-0.0236165
-0.0238303
-0.024014
-0.0241682
-0.0242939
-0.0243925
-0.0244651
-0.0245131
-0.0245377
-0.0245403
-0.0245217
-0.024483
-0.0244249
-0.024348
-0.0242528
-0.0241398
-0.0240093
-0.0238615
-0.0236968
-0.0235155
-0.0233179
-0.0231045
-0.0228758
-0.0226323
-0.0223745
-0.0221032
-0.0218188
-0.0215222
-0.0212138
-0.0208945
-0.0205647
-0.0202251
-0.0198761
-0.0195183
-0.0191521
-0.018778
-0.0183962
-0.0180073
-0.0176114
-0.0172089
-0.0168002
-0.0163856
-0.0159652
-0.0155396
-0.0151089
-0.0146734
-0.0142335
-0.0137895
-0.0133415
-0.01289
-0.0124351
-0.0119771
-0.0115162
-0.0110528
-0.0105869
-0.0101189
-0.0096489
-0.00917708
-0.00870363
-0.00822874
-0.00775257
-0.00727529
-0.00679704
-0.00631799
-0.00583829
-0.00535808
-0.00487752
-0.00439674
-0.00391588
-0.00343508
-0.00295448
-0.0024742
-0.00199438
-0.00151513
-0.00103658
-0.000558853
-8.20596e-05
0.000393684
0.000868268
0.00134158
0.00181352
0.00228397
0.00275285
0.00322003
0.00368544
0.00414896
0.0046105
0.00506998
0.0055273
0.00598236
0.00643509
0.0068854
0.00733321
0.00777843
0.00822099
0.00866081
0.00909783
0.00953198
0.00996318
0.0103914
0.0108165
0.0112385
0.0116574
0.012073
0.0124854
0.0128945
0.0133002
0.0137026
0.0141016
0.0144972
0.0148893
0.0152781
0.0156633
0.0160452
0.0164236
0.0167985
0.0171701
0.0175382
0.017903
0.0182645
0.0186227
0.0189777
0.0193294
0.0196781
0.0200236
0.0203662
0.0207058
0.0210427
0.0213768
0.0217082
0.0220371
0.0223635
0.0226876
0.0230095
0.0233294
0.0236472
0.0239633
0.0242776
0.0245904
0.0249018
0.025212
0.025521
0.0258291
0.0261363
0.0264429
0.026749
0.0270547
0.0273602
0.0276657
0.0279712
0.0282768
0.0285828
0.0288912
0.0291998
0.0295088
0.0298186
0.0301293
0.030441
0.0307535
0.0310667
0.0313807
0.0316954
0.0320106
0.0323262
0.0326421
0.032958
0.0332737
0.0335889
0.0339032
0.0342162
0.0345275
0.0348366
0.035143
0.0354459
0.0357448
0.0360389
0.0363274
0.0366096
0.0368845
-0.0687213
-0.0688461
-0.0689603
-0.0666545
-0.0644933
-0.0625899
-0.0609893
-0.0596777
-0.0586548
-0.0579218
-0.0574697
-0.0572772
-0.0573154
-0.0575521
-0.0579532
-0.0584843
-0.0591114
-0.0598019
-0.0605252
-0.0612534
-0.0619622
-0.0626304
-0.0632409
-0.06378
-0.0642381
-0.0646088
-0.0648893
-0.0650797
-0.0651825
-0.0652027
-0.065147
-0.0650233
-0.0648407
-0.0646084
-0.0643361
-0.0640329
-0.0637077
-0.0633685
-0.0630222
-0.0626749
-0.0623314
-0.0619954
-0.0616693
-0.0613546
-0.0610518
-0.0607604
-0.0604799
-0.0602099
-0.0599465
-0.0596877
-0.0594313
-0.0591753
-0.0589174
-0.0586559
-0.0583891
-0.058116
-0.0578358
-0.0575482
-0.0572532
-0.0569511
-0.0566425
-0.0563282
-0.0560092
-0.0556866
-0.0553613
-0.0550344
-0.0547069
-0.0543796
-0.0540533
-0.0537284
-0.0534055
-0.0530847
-0.0527661
-0.0524498
-0.0521357
-0.0518236
-0.0515134
-0.0512049
-0.0508978
-0.0505919
-0.0502872
-0.0499835
-0.0496809
-0.0493792
-0.0490785
-0.0487789
-0.0484805
-0.0481833
-0.0478876
-0.0475934
-0.0473009
-0.0470101
-0.0467212
-0.0464343
-0.0461493
-0.0458663
-0.0455855
-0.0453067
-0.0450301
-0.0447556
-0.0444833
-0.0442133
-0.0439454
-0.0436798
-0.0434165
-0.0431556
-0.042897
-0.0426409
-0.0423874
-0.0421363
-0.0418879
-0.0416422
-0.0413993
-0.0411591
-0.0409219
-0.0406875
-0.0404561
-0.0402277
-0.0400025
-0.0397803
-0.0395614
-0.0393458
-0.0391334
-0.0389244
-0.0387188
-0.0385168
-0.0383182
-0.0381233
-0.037932
-0.0377444
-0.0375606
-0.0373806
-0.0372045
-0.0370323
-0.0368641
-0.0366999
-0.0365398
-0.0363838
-0.036232
-0.0360845
-0.0359412
-0.0358023
-0.0356677
-0.0355375
-0.0354117
-0.0352905
-0.0351738
-0.0350616
-0.034954
-0.0348511
-0.0347528
-0.0346592
-0.0345703
-0.0344862
-0.0344068
-0.0343323
-0.0342625
-0.0341976
-0.0341375
-0.0340822
-0.0340318
-0.0339863
-0.0339457
-0.03391
-0.0338791
-0.0338532
-0.0338321
-0.033816
-0.0338046
-0.0337982
-0.0337966
-0.0337999
-0.033808
-0.0338209
-0.0338386
-0.033861
-0.0338882
-0.0339201
-0.0339566
-0.0339978
-0.0340437
-0.034094
-0.034149
-0.0342084
-0.0342722
-0.0343405
-0.0344131
0.0200629
0.0202077
0.0203618
0.0244221
0.0277736
0.0302164
0.0321473
0.0335184
0.0342466
0.0343568
0.0339632
0.0331766
0.0320952
0.0308229
0.0294711
0.0281379
0.026899
0.0258109
0.0249128
0.0242257
0.0237525
0.0234813
0.0233897
0.0234477
0.0236207
0.0238725
0.0241682
0.0244761
0.0247691
0.0250258
0.0252309
0.0253748
0.0254538
0.0254689
0.025425
0.0253303
0.0251945
0.0250288
0.0248443
0.0246515
0.0244599
0.0242776
0.0241108
0.0239638
0.0238393
0.0237381
0.0236599
0.023603
0.0235647
0.023542
0.0235315
0.0235297
0.0235332
0.0235389
0.0235443
0.0235473
0.0235463
0.0235402
0.0235285
0.023511
0.0234881
0.0234603
0.0234282
0.0233929
0.0233551
0.0233157
0.0232757
0.0232357
0.0231963
0.0231579
0.0231209
0.0230853
0.0230511
0.0230183
0.0229864
0.0229553
0.0229245
0.0228936
0.0228621
0.0228296
0.0227956
0.0227598
0.0227217
0.0226809
0.0226372
0.0225902
0.0225398
0.0224855
0.0224273
0.0223649
0.0222982
0.0222269
0.0221509
0.0220699
0.0219837
0.021892
0.0217946
0.0216912
0.0215814
0.0214649
0.0213412
0.0212099
0.0210706
0.0209226
0.0207654
0.0205985
0.0204211
0.0202326
0.0200323
0.0198192
0.0195927
0.0193518
0.0190954
0.0188226
0.0185323
0.0182232
0.017894
0.0175432
0.0171695
0.016771
0.016346
0.0158924
0.0154082
0.0148908
0.0143377
0.0137459
0.0131123
0.0124333
0.011705
0.010923
0.01008
0.00917784
0.00820309
0.00715125
0.00601477
0.00478481
0.00345146
0.00200346
0.000427942
-0.00128981
-0.00316671
-0.00522228
-0.00747912
-0.00996355
-0.0127063
-0.0157434
-0.0191176
-0.0228792
-0.0270887
-0.0318182
-0.0371553
-0.043206
-0.0501006
-0.0579994
-0.0671021
-0.0776589
-0.0899868
-0.104491
-0.121692
-0.142272
-0.167124
-0.197438
-0.234803
-0.281359
-0.339983
-0.35
-0.35
-0.35
-0.35
-0.35
-0.35
-0.35
-0.35
-0.35
-0.35
-0.35
-0.35
-0.35
-0.35
-0.35
-0.35
-0.346556
-0.288099
-0.241649
-0.204308
-0.172257
-0.144569
-0.120822
-0.100386
-0.0827023
-0.0673932
-0.0542199
-0.0429885
-0.0335154
-0.0256303
-0.0191784
-0.0140136
-0.00999096
-0.0069643
-0.00478827
-0.0033204
-0.00242561
-0.00196611
-0.00182799
-0.00189924
-0.00208334
-0.00229851
-0.00247808
-0.00257066
-0.00253973
-0.00236283
-0.00203029
-0.0015437
-0.000914138
-0.000160314
0.000693334
0.00161854
0.00258502
0.00356208
0.00452018
0.00543212
0.00627411
0.00702654
0.0076745
0.00820803
0.00862214
0.00891658
0.00909546
0.00916663
0.00914101
0.00903181
0.00885367
0.0086219
0.00835168
0.00805739
0.007752
0.00744668
0.00715042
0.00686991
0.00660946
0.00637113
0.00615492
0.00595904
0.00578028
0.0056144
0.00545649
0.00530142
0.00514415
0.00498008
0.00480527
0.00461665
0.00441211
0.00419056
0.00395191
0.00369695
0.00342728
0.00314514
0.00285317
0.00255432
0.00225158
0.00194789
0.00164593
0.00134808
0.00105628
0.000772043
0.000496399
0.000229954
-2.70846e-05
-0.000274835
-0.000513668
-0.000744125
-0.000966836
-0.00118244
-0.00139154
-0.00159462
-0.00179202
-0.00198396
-0.00217045
-0.00235137
-0.00252647
-0.00269536
-0.00285761
-0.00301272
-0.0031602
-0.00329956
-0.00343038
-0.00355229
-0.003665
-0.00376831
-0.00386211
-0.00394637
-0.00402111
-0.00408644
-0.00414249
-0.00418942
-0.00422743
-0.0042567
-0.00427741
-0.00428972
-0.0042938
-0.00428975
-0.0042777
-0.00425774
-0.00422994
-0.00419436
-0.00415109
-0.00410017
-0.00404167
-0.00397568
-0.00390228
-0.00382156
-0.00373365
-0.00363866
-0.00353673
-0.00342801
-0.00331265
-0.00319081
-0.00306265
-0.00292834
-0.00278805
-0.00264192
-0.00249014
-0.00233284
-0.00217019
-0.00200234
-0.00182943
-0.0016516
-0.001469
-0.00128177
-0.00109004
-0.000893955
-0.000693651
-0.000489263
-0.00028093
-6.8788e-05
0.000147026
0.000366375
0.000589123
0.000815134
0.00104427
0.00127641
0.00151141
0.00174914
0.00198947
0.00223229
0.00247745
0.00272485
0.00297436
0.00322586
0.00347924
0.00373439
0.00399118
0.00424952
0.00450928
0.00477038
0.0050327
0.00529613
0.00556059
0.00582597
0.00609217
0.0063591
0.00662666
0.00689477
0.00716334
0.00743228
0.0077015
0.00797092
0.00824047
0.00851006
0.00877961
0.00904907
0.00931834
0.00958737
0.00985609
0.0101244
0.0103923
0.0106597
0.0109266
0.0111928
0.0114584
0.0117232
0.0119873
0.0122506
0.012513
0.0127745
0.0130351
0.0132947
0.0135533
0.0138108
0.0140673
0.0143226
0.0145768
0.0148298
0.0150817
0.0153323
0.0155817
0.0158298
0.0160766
0.0163222
0.0165664
0.0168093
0.0170508
0.0172909
0.0175297
0.0177671
0.018003
0.0182375
0.0184705
0.0187021
0.0189322
0.0191607
0.0193878
0.0196132
0.0198371
0.0200594
0.02028
0.0204989
0.0207161
0.0209315
0.0211451
0.0213569
0.0215668
0.0217746
0.0219804
0.0221841
0.0223857
0.0225849
0.0227817
0.0229761
0.0231679
0.023357
0.0235433
0.0237266
0.0239068
0.0240838
0.0242575
0.0244275
0.0245948
0.0247579
0.0249169
0.0250717
0.0252221
0.0253678
0.0255086
0.0256442
0.0257744
0.0258991
0.0260178
0.0261304
0.0262366
0.0263361
0.0264288
0.0265142
0.0265922
0.0266625
0.0267248
0.0267789
0.0268245
0.0268613
0.0268892
0.0269078
0.026917
0.0269165
0.0269061
0.0268857
0.026855
0.026814
0.0267625
0.0267003
0.0266274
0.0265437
0.0264491
0.0263436
0.0262273
0.0261
0.0259618
0.0258129
-0.0555001
-0.0552289
-0.0549478
-0.0520525
-0.0493969
-0.0470822
-0.0452032
-0.0437514
-0.0427167
-0.0420768
-0.0417926
-0.0418115
-0.0420754
-0.0425254
-0.0431046
-0.0437596
-0.044442
-0.0451104
-0.0457315
-0.0462783
-0.0467329
-0.0470847
-0.0473298
-0.0474703
-0.0475128
-0.0474679
-0.0473487
-0.0471697
-0.0469458
-0.0466916
-0.0464206
-0.0461446
-0.0458735
-0.0456151
-0.0453749
-0.0451562
-0.0449606
-0.0447879
-0.0446365
-0.0445039
-0.0443867
-0.0442813
-0.0441839
-0.0440911
-0.0439994
-0.043906
-0.0438089
-0.0437063
-0.0435973
-0.0434812
-0.0433583
-0.0432288
-0.0430936
-0.0429535
-0.0428097
-0.0426632
-0.042515
-0.0423662
-0.0422176
-0.0420698
-0.0419233
-0.0417785
-0.0416355
-0.0414944
-0.0413551
-0.0412175
-0.0410815
-0.0409467
-0.0408131
-0.0406804
-0.0405485
-0.0404174
-0.0402869
-0.040157
-0.0400277
-0.0398992
-0.0397715
-0.0396446
-0.0395188
-0.0393941
-0.0392706
-0.0391484
-0.0390277
-0.0389086
-0.038791
-0.038675
-0.0385608
-0.0384483
-0.0383375
-0.0382286
-0.0381214
-0.0380161
-0.0379126
-0.0378111
-0.0377114
-0.0376137
-0.0375179
-0.0374241
-0.0373324
-0.0372428
-0.0371552
-0.0370698
-0.0369866
-0.0369056
-0.0368269
-0.0367504
-0.0366762
-0.0366044
-0.0365349
-0.0364678
-0.0364032
-0.0363409
-0.0362812
-0.0362239
-0.036169
-0.0361168
-0.036067
-0.0360198
-0.0359752
-0.0359332
-0.0358937
-0.0358569
-0.0358227
-0.0357912
-0.0357624
-0.0357362
-0.0357127
-0.0356918
-0.0356737
-0.0356583
-0.0356456
-0.0356356
-0.0356284
-0.0356238
-0.035622
-0.035623
-0.0356266
-0.035633
-0.0356421
-0.0356539
-0.0356684
-0.0356857
-0.0357056
-0.0357282
-0.0357536
-0.0357816
-0.0358122
-0.0358455
-0.0358815
-0.0359201
-0.0359613
-0.036005
-0.0360514
-0.0361003
-0.0361517
-0.0362057
-0.0362622
-0.0363211
-0.0363825
-0.0364463
-0.0365125
-0.036581
-0.0366519
-0.0367252
-0.0368007
-0.0368785
-0.0369584
-0.0370406
-0.037125
-0.0372114
-0.0373
-0.0373906
-0.0374833
-0.0375779
-0.0376745
-0.037773
-0.0378733
-0.0379755
-0.0380795
-0.0381852
-0.0382927
-0.0384018
-0.0385126
-0.038625
-0.0387389
-0.0388543
-0.0389712
-0.0390895
-0.0392092
-0.0393302
-0.0394526
-0.0395761
-0.0397009
-0.0398269
-0.039954
-0.0400821
-0.0402113
-0.0403415
-0.0404727
0.0249909
0.0252014
0.025418
0.0290778
0.0322335
0.0347027
0.0367577
0.0383843
0.0395111
0.0401226
0.0402714
0.0400277
0.0394575
0.0386295
0.0376205
0.036508
0.0353618
0.0342415
0.0331963
0.0322645
0.0314725
0.0308352
0.0303569
0.0300329
0.0298512
0.029794
0.0298398
0.0299648
0.0301445
0.0303555
0.030576
0.0307868
0.0309722
0.0311199
0.0312214
0.0312717
0.031269
0.0312146
0.0311118
0.0309663
0.0307846
0.0305743
0.0303431
0.0300986
0.0298478
0.0295971
0.0293516
0.0291155
0.0288919
0.0286825
0.028488
0.0283084
0.0281427
0.0279892
0.0278459
0.0277106
0.0275806
0.0274536
0.0273273
0.0271996
0.0270687
0.0269332
0.0267921
0.0266447
0.0264906
0.0263298
0.0261625
0.0259892
0.0258105
0.025627
0.0254396
0.0252491
0.0250561
0.0248613
0.0246653
0.0244686
0.0242715
0.0240743
0.0238769
0.0236795
0.0234819
0.0232839
0.0230853
0.0228859
0.0226852
0.0224829
0.0222788
0.0220725
0.0218636
0.021652
0.0214373
0.0212193
0.0209979
0.0207729
0.0205441
0.0203114
0.0200747
0.0198339
0.0195888
0.0193394
0.0190855
0.0188269
0.0185635
0.0182951
0.0180215
0.0177424
0.0174575
0.0171664
0.0168689
0.0165646
0.016253
0.0159337
0.0156061
0.0152698
0.0149243
0.0145688
0.0142028
0.0138256
0.0134364
0.0130346
0.0126192
0.0121894
0.0117442
0.0112827
0.0108036
0.0103059
0.00978828
0.00924932
0.00868752
0.00810128
0.00748882
0.00684822
0.00617737
0.00547399
0.00473557
0.00395936
0.00314238
0.00227888
0.00137252
0.000412022
-0.000604708
-0.0016823
-0.00282627
-0.00404262
-0.005338
-0.00671982
-0.00819636
-0.00977688
-0.0114718
-0.0132927
-0.0152529
-0.0173671
-0.0196524
-0.0221278
-0.0248152
-0.0277397
-0.0309299
-0.034419
-0.038245
-0.0424522
-0.0470922
-0.0522251
-0.0579216
-0.0642647
-0.0713528
-0.0793026
-0.0882534
-0.0983718
-0.109858
-0.122954
-0.137952
-0.155207
-0.175148
-0.198297
-0.225284
-0.256859
-0.293905
-0.33743
-0.35
-0.35
-0.35
-0.35
-0.35
-0.35
-0.35
-0.35
-0.35
-0.35
-0.35
-0.35
-0.35
-0.35
-0.35
-0.35
-0.35
-0.35
-0.35
-0.317168
-0.277075
-0.243046
-0.213098
-0.186321
-0.162528
-0.141443
-0.122727
-0.106102
-0.091379
-0.0784087
-0.0670488
-0.0571624
-0.0486224
-0.0413097
-0.0351088
-0.0299049
-0.0255843
-0.0220357
-0.0191507
-0.0168251
-0.0149606
-0.0134652
-0.012255
-0.0112551
-0.0104
-0.00963413
-0.00891177
-0.00819706
-0.00746341
-0.00669532
-0.00587536
-0.00500754
-0.00409204
-0.00313596
-0.00215031
-0.00114858
-0.000145849
0.000842169
0.00179994
0.00271283
0.00356775
0.00435355
0.00506144
0.00568515
0.00622104
0.00666803
0.00702748
0.00730295
0.00749988
0.00762523
0.00768708
0.00769419
0.00765563
0.00758035
0.00747688
0.00735296
0.0072154
0.00706982
0.00692063
0.00677093
0.00662262
0.00647641
0.00633202
0.00618832
0.00604355
0.00589549
0.00574171
0.00557974
0.00540727
0.00522228
0.00502317
0.00480882
0.00457868
0.00433273
0.00407149
0.00379594
0.00350748
0.00320782
0.0028989
0.00258274
0.00226143
0.00193694
0.00161116
0.00128573
0.0009621
0.000641434
0.000324653
1.24287e-05
-0.000294787
-0.000596727
-0.000893267
-0.00118438
0.2152
0.35
-0.35
0.35
-0.35
-0.35
-0.35
-0.35
-0.35
0.35
-0.35
-0.35
-0.0518827
0.26009
0.35
0.35
-0.35
0.35
0.35
0.308584
0.197861
0.107447
-0.0105525
-0.208971
-0.35
-0.35
-0.35
-0.35
-0.35
-0.35
0.35
-0.35
-0.35
-0.310666
-0.247889
-0.222815
-0.221717
-0.237431
-0.264438
-0.298604
-0.33667
-0.35
-0.35
-0.35
-0.35
-0.35
-0.35
-0.35
-0.35
-0.35
-0.35
-0.35
-0.35
-0.35
-0.35
-0.35
-0.309061
-0.205029
-0.113426
-0.0352257
0.0296448
0.0828095
0.125061
0.157421
0.181207
0.197697
0.207842
0.212241
0.211244
0.205102
0.194093
0.17864
0.15939
0.137253
0.113341
0.0888766
0.0653322
0.0440067
0.025924
0.0117658
0.00186532
-0.00380117
-0.00559998
-0.00421064
-0.000570396
0.00435153
0.00957836
0.0141941
0.017445
0.0188357
0.0181696
