4000
4000
4000.35
4000.7
4001.05
4001.41
4001.76
4002.11
4002.46
4002.81
4003.16
4003.51
4003.86
4004.21
4004.56
4004.9
4005.25
4005.6
4005.95
4006.3
4006.65
4007
4007.35
4007.7
4008.05
4008.4
4008.75
4009.1
4009.45
4009.8
4010.15
4010.5
4010.85
4011.2
4011.55
4011.91
4012.26
4012.61
4012.96
4013.32
4013.67
4014.03
4014.38
4014.74
4015.09
4015.45
4015.81
4016.16
4016.52
4016.88
4017.24
4017.6
4017.96
4018.32
4018.68
4019.05
4019.41
4019.77
4020.14
4020.5
4020.87
4021.24
4021.61
4021.97
4022.34
4022.71
4023.08
4023.46
4023.83
4024.2
4024.58
4024.95
4025.33
4025.7
4026.08
4026.46
4026.84
4027.22
4027.6
4027.98
4028.36
4028.75
4029.13
4029.52
4029.91
4030.29
4030.68
4031.07
4031.46
4031.85
4032.25
4032.64
4033.03
4033.43
4033.83
4034.22
4034.62
4035.02
4035.42
4035.82
4036.22
4036.63
4037.03
4037.44
4037.84
4038.25
4038.66
4039.07
4039.48
4039.89
4040.3
4040.71
4041.13
4041.54
4041.96
4042.37
4042.79
4043.21
4043.63
4044.05
4044.47
4044.89
4045.32
4045.74
4046.17
4046.59
4047.02
4047.45
4047.87
4048.3
4048.73
4049.17
4049.6
4050.03
4050.46
4050.9
4051.33
4051.77
4052.21
4052.64
4053.08
4053.52
4053.96
4054.4
4054.84
4055.28
4055.72
4056.17
4056.61
4057.06
4057.5
4057.95
4058.39
4058.84
4059.29
4059.74
4060.18
4060.63
4061.08
4061.53
4061.99
4062.44
4062.89
4063.34
4063.79
4064.25
4064.7
4065.16
4065.61
4066.07
4066.52
4066.98
4067.43
4067.89
4068.35
4068.8
4069.26
4069.72
4070.18
4070.64
4071.1
4071.56
4072.01
4072.47
4072.93
4073.39
4073.86
4074.32
4074.78
4075.24
4075.7
4076.16
4076.62
4077.08
4077.55
4078.01
4078.47
4078.93
4079.39
4079.86
4080.32
4080.78
4081.24
4081.71
4082.17
4082.63
4083.09
4083.56
4084.02
4084.48
4084.95
4085.41
4085.87
4086.33
4086.8
4087.26
4087.72
4088.19
4088.65
4089.11
4089.57
4090.04
4090.5
4090.96
4091.42
4091.88
4092.35
4092.81
4093.27
4093.73
4094.19
4094.66
4095.12
4095.58
4096.04
4096.5
4096.96
4097.42
4097.89
4098.35
4098.81
4099.27
4099.73
4100.19
4100.65
4101.11
4101.57
4102.03
4102.49
4102.95
4103.41
4103.87
4104.33
4104.79
4105.25
4105.71
4106.17
4106.63
4107.09
4107.55
4108.01
4108.46
4108.92
4109.38
4109.84
4110.3
4110.76
4111.22
4111.68
4112.14
4112.6
4113.06
4113.52
4113.98
4114.44
4114.9
4115.36
4115.82
4116.28
4116.74
4117.2
4117.66
4118.12
4118.58
4119.04
4119.5
4119.96
4120.42
4120.88
4121.34
4121.81
4122.27
4122.73
4123.19
4123.66
4124.12
4124.58
4125.05
4125.51
4125.98
4126.44
4126.91
4127.37
4127.84
4128.3
4128.77
4129.24
4129.7
4130.17
4130.64
4131.11
4131.58
4132.05
4132.52
4132.99
4133.46
4133.93
4134.41
4134.88
4135.35
4135.83
4136.3
4136.78
4137.25
4137.73
4138.21
4138.68
4139.16
4139.64
4140.12
4140.6
4141.08
4141.57
4142.05
4142.53
4143.02
4143.5
4143.99
4144.47
4144.96
4145.45
4145.94
4146.43
4146.92
4147.41
4147.9
4148.4
4148.89
4149.39
4149.88
4150.38
4150.88
4151.37
4151.87
4152.38
4152.88
4153.38
4153.88
4154.39
4154.89
4155.4
4155.91
4156.41
4156.92
4157.43
4157.95
4158.46
4158.97
4159.49
4160
4160.52
4161.04
4161.55
4162.07
4162.59
4163.12
4163.64
4164.16
4164.69
4165.21
4165.74
4166.27
4166.8
4167.33
4167.86
4168.39
4168.93
4169.46
4170
4170.53
4171.07
4171.61
4172.15
4172.69
4173.23
4173.78
4174.32
4174.87
4175.41
4175.96
4176.51
4177.06
4177.61
4178.16
4178.71
4179.27
4179.82
4180.38
4180.93
4181.49
4182.05
4182.61
4183.17
4183.73
4184.29
4184.86
4185.42
4185.99
4186.55
4187.12
4187.69
4188.26
4188.83
4189.4
4189.97
4190.55
4191.12
4191.7
4192.27
4192.85
4193.43
4194.01
4194.58
4195.16
4195.75
4196.33
4196.91
4197.49
4198.08
4198.66
4199.25
4199.83
4200.42
4201.01
4201.6
4202.19
4202.78
4203.37
4203.96
4204.55
4205.15
4205.74
4206.33
4206.93
4207.52
4208.12
4208.72
4209.31
4209.91
4210.51
4211.11
4211.71
4212.31
4212.91
4213.51
4214.11
4214.71
4215.31
4215.91
4216.52
4217.12
4217.73
4218.33
4218.93
4219.54
4220.14
4220.75
4221.36
4221.96
4222.57
4223.18
4223.78
4224.39
4225
4225.61
4226.22
4226.83
4227.44
4228.04
4228.65
4229.26
4229.87
4230.48
4231.09
4231.7
4232.31
4232.93
4233.54
4234.15
4234.76
4235.37
4235.98
4236.59
4237.2
4237.82
4238.43
4239.04
4239.65
4240.26
4240.88
4241.49
4242.1
4242.71
4243.32
4243.94
4244.55
4245.16
4245.77
4246.38
4247
4247.61
4248.22
4248.83
4249.45
4250.06
4250.67
4251.28
4251.89
4252.51
4253.12
4253.73
4254.34
4254.95
4255.56
4256.18
4256.79
4257.4
4258.01
4258.62
4259.23
4259.85
4260.46
4261.07
4261.68
4262.29
4262.9
4263.51
4264.12
4264.73
4265.34
4265.96
4266.57
4267.18
4267.79
4268.4
4269.01
4269.62
4270.23
4270.84
4271.45
4272.06
4272.67
4273.28
4273.89
4274.5
4275.11
4275.72
4276.33
4276.94
4277.55
4278.17
4278.78
4279.39
4280
4280.61
4281.22
4281.83
4282.44
4283.05
4283.66
4284.27
4284.88
4285.5
4286.11
4286.72
4287.33
4287.94
4288.55
4289.17
4289.78
4290.39
4291
4291.62
4292.23
4292.84
4293.46
4294.07
4294.68
4295.3
4295.91
4296.53
4297.14
4297.76
4298.37
4298.99
4299.6
4300.22
4300.84
4301.45
4302.07
4302.69
4303.31
4303.93
4304.54
4305.16
4305.78
4306.4
4307.02
4307.64
4308.27
4308.89
4309.51
4310.13
4310.75
4311.38
4312
4312.63
4313.25
4313.88
4314.5
4315.13
4315.75
4316.38
4317.01
4317.64
4318.27
4318.9
4319.53
4320.16
4320.79
4321.42
4322.05
4322.69
4323.32
4323.95
4324.59
4325.22
4325.86
4326.5
4327.13
4327.77
4328.41
4329.05
4329.69
4330.33
4330.97
4331.62
4332.26
4332.9
4333.55
4334.19
4334.84
4335.48
4336.13
4336.78
4337.43
4338.08
4338.73
4339.38
4340.03
4340.68
4341.33
4341.99
4342.64
4343.3
4343.95
4344.61
4345.27
4345.92
4346.58
4347.24
4347.9
4348.56
4349.23
4349.89
4350.55
4351.22
4351.88
4352.55
4353.21
4353.88
4354.55
4355.22
4355.89
4356.56
4357.23
4357.9
4358.57
4359.25
4359.92
4360.6
4361.27
4361.95
4362.62
4363.3
4363.98
4364.66
4365.34
4366.02
4366.7
4367.38
4368.06
4368.75
4369.43
4370.12
4370.8
4371.49
4372.17
4372.86
4373.55
4374.24
4374.93
4375.62
4376.31
4377
4377.69
4378.38
4379.07
4379.77
4380.46
4381.16
4381.85
4382.55
4383.24
4383.94
4384.64
4385.34
4386.03
4386.73
4387.43
4388.13
4388.83
4389.53
4390.24
4390.94
4391.64
4392.34
4393.05
4393.75
4394.45
4395.16
4395.86
4396.57
4397.28
4397.98
4398.69
4399.4
4400.1
4400.81
4401.52
4402.23
4402.94
4403.64
4404.35
4405.06
4405.77
4406.48
4407.19
4407.91
4408.62
4409.33
4410.04
4410.75
4411.46
4412.18
4412.89
4413.6
4414.31
4415.03
4415.74
4416.45
4417.17
4417.88
4418.59
4419.31
4420.02
4420.74
4421.45
4422.17
4422.88
4423.6
4424.31
4425.03
4425.74
4426.46
4427.17
4427.89
4428.6
4429.32
4430.03
4430.75
4431.46
4432.18
4432.89
4433.61
4434.33
4435.04
4435.76
4436.47
4437.19
4437.9
4438.62
4439.33
4440.05
4440.76
4441.48
4442.2
4442.91
4443.63
4444.34
4445.06
4445.77
4446.49
4447.2
4447.92
4448.63
4449.35
4450.06
4450.78
4451.49
4452.2
4452.92
4453.63
4454.35
4455.06
4455.78
4456.49
4457.2
4457.92
4458.63
4459.35
4460.06
4460.77
4461.49
4462.2
4462.91
4463.63
4464.34
4465.05
4465.76
4466.48
4467.19
4467.9
4468.62
4469.33
4470.04
4470.75
4471.47
4472.18
4472.89
4473.6
4474.32
4475.03
4475.74
4476.45
4477.16
4477.88
4478.59
4479.3
4480.01
4480.72
4481.44
4482.15
4482.86
4483.57
4484.28
4484.99
4485.71
4486.42
4487.13
4487.84
4488.55
4489.27
4489.98
4490.69
4491.4
4492.11
4492.83
4493.54
4494.25
4494.96
4495.68
4496.39
4497.1
4497.81
4498.53
4499.24
4499.95
4500.67
4501.38
4502.09
4502.81
4503.52
4504.24
4504.95
4505.66
4506.38
4507.09
4507.81
4508.52
4509.24
4509.95
4510.67
4511.38
4512.1
4512.82
4513.53
4514.25
4514.97
4515.68
4516.4
4517.12
4517.84
4518.55
4519.27
4519.99
4520.71
4521.43
4522.15
4522.87
4523.59
4524.31
4525.03
4525.75
4526.47
4527.19
4527.91
4528.64
4529.36
4530.08
4530.81
4531.53
4532.25
4532.98
4533.7
4534.43
4535.15
4535.88
4536.61
4537.33
4538.06
4538.79
4539.52
4540.24
4540.97
4541.7
4542.43
4543.16
4543.89
4544.62
4545.35
4546.08
4546.82
4547.55
4548.28
4549.02
4549.75
4550.48
4551.22
4551.95
4552.69
4553.42
4554.16
4554.9
4555.63
4556.37
4557.11
4557.85
4558.59
4559.33
4560.07
4560.81
4561.55
4562.29
4563.03
4563.77
4564.52
4565.26
4566
4566.75
4567.49
4568.24
4568.98
4569.73
4570.47
4571.22
4571.97
4572.71
4573.46
4574.21
4574.96
4575.71
4576.46
4577.21
4577.96
4578.71
4579.46
4580.21
4580.96
4581.72
4582.47
4583.22
4583.98
4584.73
4585.48
4586.24
4586.99
4587.75
4588.51
4589.26
4590.02
4590.78
4591.53
4592.29
4593.05
4593.81
4594.57
4595.33
4596.09
4596.84
4597.6
4598.37
4599.13
4599.89
4600.65
4601.41
4602.17
4602.93
4603.7
4604.46
4605.22
4605.98
4606.75
4607.51
4608.28
4609.04
4609.8
4610.57
4611.33
4612.1
4612.86
4613.63
4614.4
4615.16
4615.93
4616.69
4617.46
4618.23
4618.99
4619.76
4620.53
4621.29
4622.06
4622.83
4623.6
4624.37
4625.13
4625.9
4626.67
4627.44
4628.21
4628.97
4629.74
4630.51
4631.28
4632.05
4632.82
4633.59
4634.36
4635.12
4635.89
4636.66
4637.43
4638.2
4638.97
4639.74
4640.51
4641.28
4642.05
4642.82
4643.59
4644.35
4645.12
4645.89
4646.66
4647.43
4648.2
4648.97
4649.74
4650.51
4651.28
4652.05
4652.81
4653.58
4654.35
4655.12
4655.89
4656.66
4657.43
4658.2
4658.96
4659.73
4660.5
4661.27
4662.04
4662.8
4663.57
4664.34
4665.11
4665.87
4666.64
4667.41
4668.18
4668.94
4669.71
4670.48
4671.24
4672.01
4672.78
4673.54
4674.31
4675.08
4675.84
4676.61
4677.37
4678.14
4678.91
4679.67
4680.44
4681.2
4681.97
4682.73
4683.5
4684.26
4685.03
4685.79
4686.55
4687.32
4688.08
4688.85
4689.61
4690.37
4691.14
4691.9
4692.66
4693.43
4694.19
4694.95
4695.72
4696.48
4697.24
4698.01
4698.77
4699.53
4700.29
4701.05
4701.82
4702.58
4703.34
4704.1
4704.86
4705.63
4706.39
4707.15
4707.91
4708.67
4709.43
4710.19
4710.96
4711.72
4712.48
4713.24
4714
4714.76
4715.52
4716.28
4717.04
4717.8
4718.56
4719.32
4720.08
4720.84
4721.6
4722.36
4723.13
4723.89
4724.65
4725.41
4726.17
4726.93
4727.69
4728.45
4729.21
4729.97
4730.73
4731.49
4732.25
4733.01
4733.77
4734.53
4735.29
4736.05
4736.81
4737.57
4738.33
4739.09
4739.85
4740.61
4741.37
4742.14
4742.9
4743.66
4744.42
4745.18
4745.94
4746.7
4747.46
4748.22
4748.99
4749.75
4750.51
4751.27
4752.03
4752.79
4753.56
4754.32
4755.08
4755.84
4756.61
4757.37
4758.13
4758.89
4759.66
4760.42
4761.18
4761.95
4762.71
4763.47
4764.24
4765
4765.76
4766.53
4767.29
4768.06
4768.82
4769.58
4770.35
4771.11
4771.88
4772.64
4773.41
4774.17
4774.94
4775.7
4776.47
4777.24
4778
4778.77
4779.53
4780.3
4781.07
4781.83
4782.6
4783.37
4784.13
4784.9
4785.67
4786.44
4787.2
4787.97
4788.74
4789.51
4790.28
4791.04
4791.81
4792.58
4793.35
4794.12
4794.89
4795.65
4796.42
4797.19
4797.96
4798.73
4799.5
4800.27
4801.04
4801.81
4802.58
4803.35
4804.12
4804.89
4805.66
4806.43
4807.2
4807.96
4808.73
4809.5
4810.27
4811.04
4811.81
4812.58
4813.35
4814.12
4814.89
4815.66
4816.43
4817.2
4817.97
4818.74
4819.51
4820.28
4821.05
4821.82
4822.58
4823.35
4824.12
4824.89
4825.66
4826.42
4827.19
4827.96
4828.73
4829.49
4830.26
4831.03
4831.79
4832.56
4833.32
4834.09
4834.85
4835.62
4836.38
4837.14
4837.9
4838.67
4839.43
4840.19
4840.95
4841.71
4842.47
4843.23
4843.99
4844.74
4845.5
4846.26
4847.01
4847.77
4848.52
4849.27
4850.03
4850.78
4851.53
4852.28
4853.02
4853.77
4854.52
4855.26
4856.01
4856.75
4857.49
4858.23
4858.97
4859.71
4860.45
4861.18
4861.91
4862.65
4863.38
4864.11
4864.83
4865.56
4866.28
4867.01
4867.73
4868.45
4869.16
4869.88
4870.59
4871.3
4872.01
4872.72
4873.42
4874.12
4874.82
4875.52
4876.22
4876.91
4877.6
4878.29
4878.98
4879.66
4880.34
4881.02
4881.69
4882.36
4883.03
4883.7
4884.36
4885.02
4885.68
4886.33
4886.98
4887.63
4888.27
4888.91
4889.55
4890.18
4890.81
4891.44
4892.06
4892.68
4893.29
4893.9
4894.51
4895.12
4895.72
4896.31
4896.9
4897.49
4898.07
4898.65
4899.22
4899.79
4900.35
4900.91
4901.46
4902.01
4902.55
4903.09
4903.62
4904.14
4904.66
4905.17
4905.68
4906.18
4906.67
4907.16
4907.64
4908.11
4908.58
4909.04
4909.49
4909.94
4910.38
4910.81
4911.23
4911.65
4912.06
4912.46
4912.85
4913.24
4913.62
4913.99
4914.35
4914.71
4915.05
4915.39
4915.72
4916.04
4916.35
4916.66
4916.95
4917.24
4917.52
4917.79
4918.04
4918.29
4918.54
4918.77
4918.99
4919.2
4919.4
4919.6
4919.78
4919.95
4920.11
4920.27
4920.41
4920.54
4920.66
4920.77
4920.87
4920.96
4921.04
4921.1
4921.16
4921.2
4921.23
4921.25
4921.26
4921.26
4921.25
4921.22
4921.18
4921.13
4921.07
4921
4920.91
4920.81
4920.7
4920.58
4920.44
4920.29
4920.13
4919.95
4919.76
4919.56
4919.34
4919.11
4918.87
4918.62
4918.35
4918.07
4917.77
4917.46
4917.13
4916.8
4916.44
4916.08
4915.7
4915.3
4914.89
4914.47
4914.03
4913.58
4913.12
4912.64
4912.14
4911.63
4911.11
4910.57
4910.01
4909.45
4908.86
4908.27
4907.65
4907.03
4906.39
4905.73
4905.06
4904.37
4903.67
4902.96
4902.23
4901.48
4900.72
4899.95
4899.16
4898.36
4897.54
4896.71
4895.87
4895.01
4894.14
4893.25
4892.35
4891.43
4890.51
4889.56
4888.61
4887.64
4886.66
4885.66
4884.65
4883.63
4882.6
4881.55
4880.5
4879.43
4878.34
4877.25
4876.14
4875.02
4873.89
4872.75
4871.6
4870.44
4869.27
4868.09
4866.89
4865.69
4864.47
4863.25
4862.02
4860.78
4859.53
4858.27
4857.01
4855.74
4854.46
4853.17
4851.88
4850.58
4849.28
4847.96
4846.65
4845.33
4844
4842.67
4841.33
4839.99
4838.65
4837.31
4835.96
4834.61
4833.25
4831.9
4830.54
4829.18
4827.83
4826.47
4825.11
4823.75
4822.39
4821.03
4819.68
4818.32
4816.97
4815.62
4814.27
4812.93
4811.59
4810.25
4808.92
4807.59
4806.27
4804.95
4803.64
4802.33
4801.03
4799.74
4798.45
4797.17
4795.89
4794.63
4793.37
4792.12
4790.88
4789.65
4788.43
4787.22
4786.01
4784.82
4783.64
4782.47
4781.3
4780.15
4779.02
4777.89
4776.78
4775.67
4774.58
4773.5
4772.44
4771.39
4770.35
4769.33
4768.32
4767.32
4766.34
4765.37
4764.41
4763.48
4762.55
4761.64
4760.75
4759.87
4759.01
4758.16
4757.33
4756.51
4755.71
4754.93
4754.16
4753.41
4752.68
4751.96
4751.26
4750.57
4749.9
4749.25
4748.62
4748
4747.4
4746.81
4746.24
4745.69
4745.16
4744.65
4744.15
4743.67
4743.2
4742.75
4742.32
4741.91
4741.52
4741.14
4740.78
4740.44
4740.11
4739.81
4739.52
4739.24
4738.99
4738.75
4738.53
4738.33
4738.14
4737.97
4737.82
4737.69
4737.57
4737.47
4737.39
4737.33
4737.28
4737.25
4737.24
4737.24
4737.26
4737.29
4737.35
4737.42
4737.5
4737.61
4737.73
4737.86
4738.02
4738.19
4738.38
4738.59
4738.81
4739.05
4739.32
4739.6
4739.89
4740.21
4740.54
4740.88
4741.25
4741.62
4742.02
4742.43
4742.85
4743.29
4743.74
4744.21
4744.69
4745.19
4745.7
4746.22
4746.76
4747.31
4747.88
4748.46
4749.05
4749.65
4750.27
4750.89
4751.53
4752.19
4752.85
4753.53
4754.21
4754.91
4755.62
4756.34
4757.07
4757.81
4758.55
4759.31
4760.08
4760.86
4761.64
4762.44
4763.24
4764.05
4764.87
4765.7
4766.54
4767.38
4768.23
4769.09
4769.95
4770.82
4771.69
4772.58
4773.46
4774.36
4775.25
4776.16
4777.06
4777.98
4778.89
4779.81
4780.74
4781.66
4782.59
4783.53
4784.46
4785.4
4786.34
4787.29
4788.23
4789.18
4790.13
4791.08
4792.03
4792.99
4793.94
4794.9
4795.85
4796.81
4797.76
4798.72
4799.67
4800.63
4801.58
4802.53
4803.49
4804.44
4805.39
4806.34
4807.29
4808.24
4809.18
4810.12
4811.06
4812
4812.94
4813.88
4814.81
4815.74
4816.67
4817.59
4818.51
4819.43
4820.35
4821.26
4822.17
4823.08
4823.98
4824.88
4825.78
4826.67
4827.56
4828.44
4829.33
4830.2
4831.08
4831.95
4832.81
4833.68
4834.53
4835.39
4836.24
4837.08
4837.92
4838.76
4839.59
4840.42
4841.25
4842.06
4842.88
4843.69
4844.5
4845.3
4846.1
4846.89
4847.68
4848.46
4849.24
4850.02
4850.79
4851.56
4852.32
4853.08
4853.83
4854.58
4855.32
4856.07
4856.8
4857.53
4858.26
4858.99
4859.71
4860.42
4861.13
4861.84
4862.54
4863.24
4863.94
4864.63
4865.32
4866
4866.68
4867.36
4868.03
4868.7
4869.37
4870.03
4870.69
4871.35
4872
4872.65
4873.29
4873.94
4874.58
4875.21
4875.85
4876.48
4877.1
4877.73
4878.35
4878.97
4879.59
4880.2
4880.82
4881.43
4882.03
4882.64
4883.24
4883.84
4884.44
4885.04
4885.63
4886.23
4886.82
4887.41
4887.99
4888.58
4889.17
4889.75
4890.33
4890.91
4891.49
4892.07
4892.65
4893.22
4893.8
4894.37
4894.94
4895.52
4896.09
4896.66
4897.23
4897.8
4898.37
4898.94
4899.5
4900.07
4900.64
4901.2
4901.77
4902.34
4902.9
4903.47
4904.04
4904.6
4905.17
4905.73
4906.3
4906.87
4907.43
4908
4908.57
4909.13
4909.7
4910.27
4910.84
4911.41
4911.98
4912.55
4913.12
4913.69
4914.26
4914.84
4915.41
4915.99
4916.56
4917.14
4917.72
4918.29
4918.87
4919.45
4920.04
4920.62
4921.2
4921.79
4922.37
4922.96
4923.55
4924.14
4924.73
4925.32
4925.92
4926.51
4927.11
4927.71
4928.31
4928.91
4929.51
4930.12
4930.72
4931.33
4931.94
4932.55
4933.17
4933.78
4934.4
4935.01
4935.63
4936.26
4936.88
4937.51
4938.13
4938.76
4939.39
4940.03
4940.66
4941.3
4941.94
4942.58
4943.22
4943.87
4944.51
4945.16
4945.81
4946.47
4947.12
4947.78
4948.44
4949.1
4949.76
4950.42
4951.09
4951.75
4952.42
4953.09
4953.76
4954.44
4955.11
4955.78
4956.46
4957.13
4957.81
4958.49
4959.16
4959.84
4960.52
4961.2
4961.88
4962.56
4963.23
4963.91
4964.59
4965.26
4965.94
4966.61
4967.29
4967.96
4968.63
4969.3
4969.97
4970.63
4971.3
4971.96
4972.62
4973.28
4973.93
4974.59
4975.24
4975.89
4976.54
4977.18
4977.82
4978.46
4979.09
4979.73
4980.36
4980.98
4981.6
4982.22
4982.84
4983.45
4984.06
4984.66
4985.26
4985.86
4986.45
4987.04
4987.63
4988.21
4988.78
4989.36
4989.92
4990.49
4991.04
4991.6
4992.15
4992.69
4993.23
4993.77
4994.3
4994.83
4995.35
4995.86
4996.38
4996.88
4997.38
4997.88
4998.37
4998.86
4999.34
4999.82
5000.29
5000.76
5001.22
5001.68
5002.13
5002.57
5003.02
5003.45
5003.88
5004.31
5004.73
5005.14
5005.55
5005.96
5006.36
5006.75
5007.14
5007.52
5007.9
5008.27
5008.64
5009
5009.36
5009.71
5010.05
5010.4
5010.73
5011.06
5011.39
5011.71
5012.02
5012.33
5012.63
5012.93
5013.22
5013.51
5013.79
5014.06
5014.33
5014.59
5014.84
5015.09
5015.33
5015.56
5015.79
5016.01
5016.21
5016.42
5016.61
5016.79
5016.97
5017.14
5017.3
5017.45
5017.59
5017.72
5017.84
5017.95
5018.06
5018.15
5018.23
5018.3
5018.37
5018.42
5018.46
5018.5
5018.52
5018.53
5018.53
5018.53
5018.51
5018.48
5018.44
5018.39
5018.33
5018.26
5018.17
5018.08
5017.98
5017.86
5017.74
5017.6
5017.45
5017.29
5017.12
5016.94
5016.75
5016.54
5016.33
5016.1
5015.86
5015.61
5015.34
5015.07
5014.78
5014.48
5014.17
5013.85
5013.51
5013.17
5012.81
5012.43
5012.05
5011.65
5011.24
5010.82
5010.39
5009.94
5009.48
5009.01
5008.52
5008.03
5007.52
5007
5006.46
5005.91
5005.36
5004.78
5004.2
5003.6
5002.99
5002.37
5001.74
5001.09
5000.43
4999.76
4999.08
4998.38
4997.68
4996.96
4996.23
4995.48
4994.73
4993.96
4993.19
4992.4
4991.6
4990.79
4989.97
4989.14
4988.3
4987.45
4986.58
4985.71
4984.83
4983.93
4983.03
4982.12
4981.2
4980.26
4979.32
4978.37
4977.42
4976.45
4975.47
4974.49
4973.5
4972.49
4971.49
4970.47
4969.45
4968.42
4967.38
4966.33
4965.28
4964.23
4963.16
4962.09
4961.02
4959.94
4958.85
4957.76
4956.67
4955.57
4954.46
4953.35
4952.24
4951.12
4950.01
4948.88
4947.76
4946.63
4945.5
4944.37
4943.23
4942.09
4940.96
4939.82
4938.68
4937.54
4936.39
4935.25
4934.11
4932.97
4931.82
4930.68
4929.54
4928.4
4927.27
4926.13
4924.99
4923.86
4922.73
4921.6
4920.47
4919.35
4918.23
4917.11
4915.99
4914.88
4913.77
4912.67
4911.56
4910.47
4909.37
4908.29
4907.2
4906.12
4905.05
4903.98
4902.91
4901.85
4900.8
4899.75
4898.71
4897.67
4896.64
4895.61
4894.59
4893.57
4892.57
4891.56
4890.57
4889.58
4888.6
4887.62
4886.65
4885.69
4884.73
4883.78
4882.84
4881.9
4880.97
4880.05
4879.13
4878.23
4877.32
4876.43
4875.54
4874.66
4873.79
4872.92
4872.06
4871.21
4870.37
4869.53
4868.7
4867.87
4867.06
4866.25
4865.44
4864.65
4863.86
4863.08
4862.3
4861.54
4860.78
4860.02
4859.27
4858.53
4857.8
4857.07
4856.35
4855.64
4854.93
4854.23
4853.54
4852.85
4852.17
4851.5
4850.83
4850.17
4849.51
4848.86
4848.22
4847.58
4846.95
4846.33
4845.71
4845.09
4844.49
4843.88
4843.29
4842.7
4842.11
4841.53
4840.96
4840.39
4839.83
4839.27
4838.71
4838.17
4837.62
4837.08
4836.55
4836.02
4835.5
4834.98
4834.46
4833.95
4833.44
4832.94
4832.44
4831.95
4831.46
4830.97
4830.49
4830.01
4829.53
4829.06
4828.59
4828.13
4827.67
4827.21
4826.75
4826.3
4825.85
4825.4
4824.96
4824.52
4824.08
4823.64
4823.21
4822.78
4822.35
4821.92
4821.5
4821.08
4820.66
4820.24
4819.82
4819.41
4818.99
4818.58
4818.17
4817.77
4817.36
4816.95
4816.55
4816.15
4815.75
4815.35
4814.95
4814.55
4814.16
4813.76
4813.37
4812.97
4812.58
4812.19
4811.79
4811.4
4811.01
4810.62
4810.23
4809.84
4809.45
4809.07
4808.68
4808.29
4807.9
4807.51
4807.12
4806.73
4806.34
4805.95
4805.56
4805.17
4804.78
4804.39
4804
4803.61
4803.21
4802.82
4802.43
4802.03
4801.64
4801.24
4800.85
4800.45
4800.05
4799.66
4799.26
4798.86
4798.46
4798.05
4797.65
4797.25
4796.84
4796.44
4796.03
4795.63
4795.22
4794.81
4794.4
4793.99
4793.58
4793.17
4792.76
4792.35
4791.93
4791.52
4791.1
4790.69
4790.27
4789.86
4789.44
4789.03
4788.61
4788.19
4787.78
4787.36
4786.94
4786.53
4786.11
4785.69
4785.27
4784.86
4784.44
4784.03
4783.61
4783.19
4782.78
4782.36
4781.95
4781.53
4781.12
4780.71
4780.29
4779.88
4779.47
4779.06
4778.65
4778.24
4777.83
4777.42
4777.01
4776.6
4776.2
4775.79
4775.39
4774.98
4774.58
4774.18
4773.77
4773.37
4772.97
4772.57
4772.17
4771.78
4771.38
4770.98
4770.59
4770.19
4769.8
4769.4
4769.01
4768.62
4768.23
4767.84
4767.45
4767.06
4766.67
4766.28
4765.89
4765.5
4765.12
4764.73
4764.34
4763.96
4763.57
4763.19
4762.8
4762.42
4762.03
4761.65
4761.27
4760.88
4760.5
4760.12
4759.73
4759.35
4758.97
4758.58
4758.2
4757.82
4757.43
4757.05
4756.67
4756.28
4755.9
4755.51
4755.13
4754.75
4754.36
4753.98
4753.59
4753.21
4752.82
4752.44
4752.05
4751.66
4751.28
4750.89
4750.5
4750.12
4749.73
4749.34
4748.95
4748.56
4748.17
4747.78
4747.39
4747
4746.61
4746.22
4745.83
4745.44
4745.05
4744.65
4744.26
4743.87
4743.47
4743.08
4742.68
4742.29
4741.89
4741.49
4741.09
4740.7
4740.3
4739.9
4739.5
4739.1
4738.7
4738.3
4737.89
4737.49
4737.09
4736.68
4736.28
4735.87
4735.46
4735.06
4734.65
4734.24
4733.83
4733.42
4733
4732.59
4732.18
4731.76
4731.34
4730.93
4730.51
4730.09
4729.66
4729.24
4728.82
4728.39
4727.96
4727.53
4727.1
4726.67
4726.24
4725.8
4725.37
4724.93
4724.49
4724.04
4723.6
4723.15
4722.71
4722.26
4721.8
4721.35
4720.89
4720.43
4719.97
4719.51
4719.04
4718.58
4718.11
4717.63
4717.16
4716.68
4716.2
4715.72
4715.23
4714.74
4714.25
4713.75
4713.26
4712.75
4712.25
4711.74
4711.23
4710.72
4710.2
4709.68
4709.16
4708.64
4708.11
4707.57
4707.04
4706.5
4705.95
4705.4
4704.85
4704.3
4703.74
4703.18
4702.61
4702.04
4701.47
4700.89
4700.31
4699.72
4699.14
4698.54
4697.94
4697.34
4696.74
4696.13
4695.51
4694.9
4694.27
4693.65
4693.02
4692.38
4691.74
4691.1
4690.45
4689.8
4689.14
4688.48
4687.82
4687.15
4686.47
4685.79
4685.11
4684.43
4683.73
4683.04
4682.34
4681.63
4680.92
4680.21
4679.49
4678.77
4678.05
4677.32
4676.58
4675.84
4675.1
4674.35
4673.6
4672.84
4672.08
4671.32
4670.55
4669.78
4669
4668.22
4667.44
4666.65
4665.86
4665.06
4664.26
4663.46
4662.65
4661.84
4661.02
4660.2
4659.38
4658.55
4657.72
4656.89
4656.05
4655.21
4654.37
4653.52
4652.68
4651.83
4650.97
4650.11
4649.26
4648.39
4647.53
4646.66
4645.79
4644.92
4644.04
4643.17
4642.29
4641.41
4640.52
4639.64
4638.75
4637.86
4636.97
4636.07
4635.18
4634.28
4633.38
4632.48
4631.58
4630.68
4629.77
4628.87
4627.96
4627.06
4626.15
4625.24
4624.33
4623.42
4622.51
4621.59
4620.68
4619.77
4618.86
4617.94
4617.03
4616.11
4615.2
4614.29
4613.37
4612.46
4611.55
4610.63
4609.72
4608.81
4607.9
4606.99
4606.08
4605.17
4604.26
4603.35
4602.45
4601.54
4600.64
4599.74
4598.83
4597.94
4597.04
4596.14
4595.25
4594.35
4593.46
4592.57
4591.68
4590.8
4589.91
4589.03
4588.15
4587.27
4586.4
4585.53
4584.66
4583.79
4582.92
4582.06
4581.2
4580.34
4579.49
4578.64
4577.79
4576.94
4576.1
4575.26
4574.42
4573.59
4572.76
4571.93
4571.11
4570.29
4569.47
4568.66
4567.85
4567.04
4566.23
4565.44
4564.64
4563.85
4563.06
4562.27
4561.49
4560.71
4559.94
4559.17
4558.4
4557.64
4556.88
4556.13
4555.38
4554.63
4553.89
4553.15
4552.41
4551.68
4550.96
4550.24
4549.52
4548.81
4548.1
4547.39
4546.69
4546
4545.3
4544.62
4543.93
4543.25
4542.58
4541.91
4541.25
4540.58
4539.93
4539.28
4538.63
4537.99
4537.35
4536.72
4536.09
4535.46
4534.84
4534.23
4533.62
4533.01
4532.41
4531.82
4531.23
4530.64
4530.06
4529.49
4528.91
4528.35
4527.79
4527.23
4526.68
4526.14
4525.6
4525.06
4524.53
4524.01
4523.49
4522.97
4522.47
4521.96
4521.47
4520.97
4520.49
4520.01
4519.53
4519.06
4518.6
4518.15
4517.69
4517.25
4516.81
4516.38
4515.95
4515.53
4515.12
4514.71
4514.31
4513.92
4513.53
4513.15
4512.77
4512.41
4512.05
4511.69
4511.35
4511
4510.67
4510.35
4510.03
4509.71
4509.41
4509.11
4508.82
4508.54
4508.26
4507.99
4507.73
4507.48
4507.23
4507
4506.77
4506.54
4506.33
4506.12
4505.92
4505.73
4505.55
4505.37
4505.2
4505.04
4504.89
4504.75
4504.62
4504.49
4504.38
4504.27
4504.17
4504.08
4504
4503.92
4503.86
4503.81
4503.76
4503.72
4503.7
4503.68
4503.67
4503.67
4503.68
4503.71
4503.74
4503.78
4503.83
4503.89
4503.96
4504.04
4504.13
4504.23
4504.35
4504.47
4504.6
4504.75
4504.9
4505.07
4505.24
4505.43
4505.63
4505.84
4506.06
4506.29
4506.53
4506.78
4507.05
4507.32
4507.61
4507.91
4508.22
4508.54
4508.87
4509.22
4509.57
4509.94
4510.32
4510.71
4511.11
4511.52
4511.95
4512.39
4512.83
4513.29
4513.76
4514.25
4514.74
4515.25
4515.76
4516.29
4516.83
4517.38
4517.94
4518.52
4519.1
4519.7
4520.31
4520.93
4521.56
4522.2
4522.85
4523.52
4524.19
4524.88
4525.58
4526.28
4527
4527.73
4528.47
4529.22
4529.98
4530.75
4531.53
4532.32
4533.13
4533.94
4534.76
4535.59
4536.43
4537.28
4538.14
4539.01
4539.89
4540.78
4541.68
4542.58
4543.5
4544.42
4545.35
4546.29
4547.24
4548.2
4549.17
4550.14
4551.12
4552.11
4553.1
4554.1
4555.11
4556.13
4557.15
4558.18
4559.22
4560.26
4561.31
4562.36
4563.42
4564.49
4565.56
4566.63
4567.71
4568.8
4569.89
4570.98
4572.08
4573.19
4574.29
4575.4
4576.52
4577.64
4578.76
4579.88
4581.01
4582.14
4583.27
4584.4
4585.54
4586.67
4587.81
4588.95
4590.1
4591.24
4592.38
4593.53
4594.67
4595.82
4596.96
4598.11
4599.26
4600.4
4601.54
4602.69
4603.83
4604.97
4606.11
4607.25
4608.39
4609.52
4610.65
4611.78
4612.91
4614.04
4615.16
4616.28
4617.39
4618.51
4619.61
4620.72
4621.82
4622.92
4624.01
4625.1
4626.18
4627.26
4628.34
4629.41
4630.47
4631.53
4632.58
4633.63
4634.66
4635.7
4636.72
4637.74
4638.75
4639.75
4640.75
4641.74
4642.72
4643.7
4644.67
4645.64
4646.59
4647.54
4648.49
4649.42
4650.35
4651.27
4652.19
4653.09
4653.99
4654.89
4655.77
4656.65
4657.51
4658.37
4659.22
4660.07
4660.9
4661.73
4662.55
4663.36
4664.17
4664.97
4665.75
4666.53
4667.31
4668.07
4668.83
4669.58
4670.32
4671.06
4671.78
4672.5
4673.21
4673.92
4674.61
4675.3
4675.98
4676.66
4677.33
4677.99
4678.64
4679.28
4679.92
4680.55
4681.17
4681.79
4682.39
4682.99
4683.59
4684.17
4684.75
4685.32
4685.88
4686.44
4686.99
4687.53
4688.06
4688.59
4689.11
4689.62
4690.12
4690.62
4691.1
4691.58
4692.06
4692.52
4692.98
4693.43
4693.88
4694.31
4694.74
4695.16
4695.57
4695.98
4696.38
4696.77
4697.15
4697.53
4697.9
4698.26
4698.62
4698.96
4699.3
4699.64
4699.96
4700.28
4700.59
4700.9
4701.2
4701.49
4701.77
4702.05
4702.32
4702.58
4702.84
4703.09
4703.34
4703.57
4703.81
4704.03
4704.25
4704.46
4704.67
4704.87
4705.06
4705.25
4705.43
4705.61
4705.78
4705.94
4706.1
4706.26
4706.4
4706.54
4706.68
4706.81
4706.94
4707.06
4707.17
4707.28
4707.38
4707.48
4707.58
4707.66
4707.75
4707.83
4707.9
4707.97
4708.03
4708.09
4708.14
4708.19
4708.23
4708.27
4708.31
4708.34
4708.36
4708.38
4708.39
4708.41
4708.41
4708.41
4708.41
4708.4
4708.39
4708.37
4708.35
4708.32
4708.29
4708.25
4708.21
4708.16
4708.11
4708.06
4708
4707.94
4707.87
4707.8
4707.72
4707.64
4707.55
4707.46
4707.37
4707.27
4707.16
4707.06
4706.94
4706.83
4706.71
4706.58
4706.45
4706.31
4706.17
4706.03
4705.88
4705.72
4705.56
4705.39
4705.22
4705.04
4704.86
4704.67
4704.48
4704.28
4704.08
4703.87
4703.65
4703.43
4703.2
4702.96
4702.72
4702.48
4702.22
4701.96
4701.7
4701.43
4701.15
4700.86
4700.57
4700.27
4699.97
4699.66
4699.34
4699.01
4698.68
4698.34
4697.99
4697.64
4697.28
4696.91
4696.54
4696.16
4695.77
4695.37
4694.96
4694.55
4694.13
4693.7
4693.27
4692.83
4692.38
4691.92
4691.45
4690.98
4690.5
4690.01
4689.51
4689
4688.49
4687.97
4687.44
4686.9
4686.35
4685.8
4685.23
4684.66
4684.08
4683.49
4682.9
4682.29
4681.68
4681.06
4680.43
4679.79
4679.14
4678.49
4677.82
4677.15
4676.47
4675.78
4675.09
4674.38
4673.67
4672.95
4672.22
4671.48
4670.74
4669.98
4669.22
4668.45
4667.68
4666.89
4666.1
4665.3
4664.49
4663.68
4662.85
4662.02
4661.19
4660.34
4659.49
4658.63
4657.77
4656.89
4656.02
4655.13
4654.24
4653.34
4652.44
4651.53
4650.61
4649.69
4648.76
4647.82
4646.89
4645.94
4644.99
4644.04
4643.08
4642.11
4641.14
4640.17
4639.19
4638.21
4637.22
4636.23
4635.23
4634.24
4633.23
4632.23
4631.22
4630.21
4629.2
4628.18
4627.16
4626.14
4625.11
4624.09
4623.06
4622.03
4621
4619.97
4618.94
4617.9
4616.87
4615.84
4614.81
4613.78
4612.74
4611.71
4610.68
4609.65
4608.62
4607.6
4606.57
4605.54
4604.52
4603.5
4602.48
4601.46
4600.44
4599.43
4598.42
4597.41
4596.4
4595.4
4594.4
4593.4
4592.41
4591.42
4590.43
4589.45
4588.47
4587.49
4586.52
4585.55
4584.58
4583.62
4582.67
4581.72
4580.77
4579.83
4578.89
4577.96
4577.03
4576.1
4575.19
4574.27
4573.37
4572.46
4571.56
4570.67
4569.79
4568.9
4568.03
4567.16
4566.29
4565.43
4564.58
4563.73
4562.89
4562.05
4561.22
4560.39
4559.57
4558.76
4557.95
4557.15
4556.35
4555.56
4554.78
4554
4553.22
4552.46
4551.7
4550.94
4550.19
4549.45
4548.71
4547.98
4547.25
4546.53
4545.81
4545.11
4544.4
4543.7
4543.01
4542.33
4541.65
4540.97
4540.3
4539.64
4538.98
4538.33
4537.68
4537.04
4536.4
4535.77
4535.14
4534.52
4533.91
4533.3
4532.69
4532.09
4531.49
4530.9
4530.32
4529.73
4529.16
4528.58
4528.01
4527.45
4526.89
4526.34
4525.78
4525.24
4524.69
4524.15
4523.62
4523.08
4522.56
4522.03
4521.51
4520.99
4520.48
4519.96
4519.46
4518.95
4518.45
4517.95
4517.45
4516.96
4516.47
4515.98
4515.49
4515.01
4514.52
4514.04
4513.57
4513.09
4512.62
4512.15
4511.68
4511.21
4510.74
4510.28
4509.81
4509.35
4508.89
4508.43
4507.97
4507.52
4507.06
4506.61
4506.16
4505.7
4505.25
4504.8
4504.35
4503.91
4503.46
4503.01
4502.57
4502.13
4501.68
4501.24
4500.8
4500.36
4499.92
4499.48
4499.04
4498.6
4498.16
4497.73
4497.29
4496.86
4496.42
4495.99
4495.56
4495.12
4494.69
4494.26
4493.83
4493.4
4492.98
4492.55
4492.12
4491.7
4491.28
4490.85
4490.43
4490.01
4489.59
4489.17
4488.75
4488.34
4487.92
4487.51
4487.1
4486.69
4486.28
4485.87
4485.46
4485.06
4484.65
4484.25
4483.85
4483.46
4483.06
4482.67
4482.28
4481.89
4481.5
4481.12
4480.74
4480.36
4479.98
4479.61
4479.24
4478.87
4478.5
4478.14
4477.78
4477.42
4477.07
4476.72
4476.37
4476.03
4475.69
4475.35
4475.02
4474.69
4474.36
4474.04
4473.72
4473.41
4473.1
4472.79
4472.49
4472.19
4471.89
4471.6
4471.31
4471.03
4470.75
4470.47
4470.2
4469.93
4469.66
4469.4
4469.15
4468.89
4468.65
4468.4
4468.16
4467.92
4467.69
4467.46
4467.24
4467.01
4466.8
4466.58
4466.37
4466.17
4465.96
4465.77
4465.57
4465.38
4465.19
4465.01
4464.82
4464.65
4464.47
4464.3
4464.13
4463.97
4463.81
4463.65
4463.5
4463.34
4463.2
4463.05
4462.91
4462.77
4462.63
4462.5
4462.36
4462.23
4462.11
4461.99
4461.86
4461.75
4461.63
4461.52
4461.41
4461.3
4461.19
4461.09
4460.99
4460.89
4460.79
4460.7
4460.61
4460.52
4460.43
4460.35
4460.26
4460.18
4460.11
4460.03
4459.96
4459.89
4459.82
4459.76
4459.69
4459.63
4459.58
4459.52
4459.47
4459.42
4459.37
4459.33
4459.29
4459.25
4459.22
4459.18
4459.16
4459.13
4459.11
4459.09
4459.07
4459.06
4459.05
4459.05
4459.04
4459.05
4459.05
4459.06
4459.08
4459.09
4459.12
4459.14
4459.17
4459.2
4459.24
4459.29
4459.33
4459.39
4459.44
4459.5
4459.57
4459.64
4459.72
4459.8
4459.89
4459.98
4460.08
4460.18
4460.29
4460.4
4460.52
4460.64
4460.77
4460.91
4461.05
4461.2
4461.35
4461.51
4461.67
4461.84
4462.01
4462.19
4462.37
4462.56
4462.76
4462.96
4463.17
4463.38
4463.6
4463.82
4464.05
4464.28
4464.53
4464.77
4465.02
4465.28
4465.54
4465.81
4466.08
4466.36
4466.65
4466.94
4467.23
4467.54
4467.84
4468.16
4468.47
4468.8
4469.13
4469.46
4469.8
4470.15
4470.5
4470.85
4471.21
4471.58
4471.95
4472.33
4472.71
4473.1
4473.5
4473.9
4474.3
4474.71
4475.13
4475.55
4475.97
4476.41
4476.84
4477.28
4477.73
4478.18
4478.64
4479.11
4479.57
4480.05
4480.53
4481.01
4481.5
4481.99
4482.49
4482.99
4483.5
4484.02
4484.54
4485.06
4485.59
4486.12
4486.66
4487.2
4487.75
4488.3
4488.86
4489.42
4489.99
4490.56
4491.13
4491.71
4492.3
4492.88
4493.47
4494.07
4494.67
4495.27
4495.88
4496.49
4497.11
4497.72
4498.35
4498.97
4499.6
4500.23
4500.87
4501.51
4502.15
4502.8
4503.44
4504.09
4504.75
4505.4
4506.06
4506.72
4507.39
4508.06
4508.72
4509.4
4510.07
4510.75
4511.42
4512.1
4512.79
4513.47
4514.16
4514.85
4515.54
4516.23
4516.92
4517.62
4518.31
4519.01
4519.71
4520.41
4521.11
4521.82
4522.52
4523.23
4523.94
4524.65
4525.36
4526.07
4526.78
4527.49
4528.21
4528.92
4529.64
4530.35
4531.07
4531.79
4532.5
4533.22
4533.94
4534.66
4535.38
4536.09
4536.81
4537.53
4538.25
4538.97
4539.69
4540.4
4541.12
4541.84
4542.55
4543.27
4543.98
4544.7
4545.41
4546.12
4546.83
4547.54
4548.25
4548.95
4549.66
4550.36
4551.07
4551.77
4552.47
4553.17
4553.86
4554.56
4555.25
4555.94
4556.63
4557.32
4558
4558.69
4559.37
4560.05
4560.73
4561.4
4562.08
4562.75
4563.42
4564.09
4564.76
4565.42
4566.08
4566.74
4567.4
4568.05
4568.71
4569.36
4570.01
4570.65
4571.3
4571.94
4572.58
4573.22
4573.86
4574.49
4575.12
4575.75
4576.38
4577
4577.62
4578.24
4578.86
4579.48
4580.09
4580.7
4581.31
4581.92
4582.52
4583.12
4583.72
4584.32
4584.91
4585.51
4586.1
4586.68
4587.27
4587.85
4588.43
4589.01
4589.59
4590.16
4590.73
4591.3
4591.87
4592.43
4592.99
4593.55
4594.11
4594.67
4595.22
4595.77
4596.32
4596.87
4597.41
4597.95
4598.49
4599.03
4599.57
4600.1
4600.63
4601.16
4601.69
4602.21
4602.74
4603.26
4603.78
4604.29
4604.81
4605.32
4605.83
4606.34
4606.85
4607.35
4607.85
4608.35
4608.85
4609.35
4609.84
4610.33
4610.83
4611.31
4611.8
4612.29
4612.77
4613.25
4613.73
4614.21
4614.69
4615.16
4615.63
4616.11
4616.58
4617.05
4617.51
4617.98
4618.44
4618.91
4619.37
4619.83
4620.29
4620.74
4621.2
4621.66
4622.11
4622.57
4623.02
4623.47
4623.92
4624.37
4624.82
4625.27
4625.71
4626.16
4626.6
4627.05
4627.49
4627.94
4628.38
4628.82
4629.26
4629.7
4630.15
4630.59
4631.03
4631.47
4631.91
4632.34
4632.78
4633.22
4633.66
4634.1
4634.54
4634.97
4635.41
4635.85
4636.29
4636.72
4637.16
4637.6
4638.04
4638.47
4638.91
4639.35
4639.79
4640.23
4640.66
4641.1
4641.54
4641.98
4642.42
4642.86
4643.29
4643.73
4644.17
4644.61
4645.05
4645.49
4645.93
4646.37
4646.82
4647.26
4647.7
4648.14
4648.58
4649.02
4649.47
4649.91
4650.35
4650.8
4651.24
4651.68
4652.13
4652.57
4653.02
4653.46
4653.91
4654.35
4654.8
4655.24
4655.69
4656.13
4656.58
4657.02
4657.47
4657.91
4658.36
4658.8
4659.25
4659.7
4660.14
4660.58
4661.03
4661.47
4661.92
4662.36
4662.8
4663.25
4663.69
4664.13
4664.57
4665.01
4665.45
4665.89
4666.33
4666.77
4667.21
4667.65
4668.08
4668.52
4668.95
4669.39
4669.82
4670.25
4670.68
4671.11
4671.54
4671.97
4672.39
4672.82
4673.24
4673.67
4674.09
4674.51
4674.93
4675.35
4675.76
4676.18
4676.59
4677
4677.41
4677.82
4678.23
4678.63
4679.04
4679.44
4679.84
4680.24
4680.63
4681.02
4681.42
4681.8
4682.19
4682.57
4682.96
4683.33
4683.71
4684.08
4684.45
4684.82
4685.19
4685.55
4685.91
4686.26
4686.62
4686.97
4687.31
4687.65
4687.99
4688.33
4688.66
4688.99
4689.31
4689.63
4689.95
4690.26
4690.57
4690.88
4691.18
4691.47
4691.77
4692.05
4692.34
4692.62
4692.89
4693.16
4693.42
4693.69
4693.94
4694.19
4694.44
4694.68
4694.91
4695.14
4695.37
4695.59
4695.81
4696.02
4696.22
4696.42
4696.61
4696.8
4696.99
4697.16
4697.34
4697.5
4697.66
4697.82
4697.97
4698.11
4698.25
4698.38
4698.51
4698.63
4698.75
4698.85
4698.96
4699.06
4699.15
4699.24
4699.32
4699.39
4699.46
4699.52
4699.58
4699.64
4699.68
4699.72
4699.76
4699.79
4699.81
4699.83
4699.85
4699.86
4699.86
4699.86
4699.85
4699.84
4699.82
4699.8
4699.77
4699.74
4699.7
4699.66
4699.61
4699.56
4699.5
4699.44
4699.38
4699.31
4699.24
4699.16
4699.08
4698.99
4698.9
4698.81
4698.71
4698.61
4698.5
4698.39
4698.27
4698.15
4698.03
4697.9
4697.76
4697.62
4697.48
4697.33
4697.17
4697.01
4696.85
4696.68
4696.51
4696.33
4696.14
4695.95
4695.76
4695.56
4695.35
4695.14
4694.93
4694.7
4694.48
4694.24
4694.01
4693.76
4693.51
4693.25
4692.99
4692.72
4692.45
4692.17
4691.88
4691.59
4691.29
4690.98
4690.67
4690.35
4690.02
4689.69
4689.35
4689
4688.65
4688.29
4687.92
4687.55
4687.17
4686.78
4686.38
4685.98
4685.57
4685.15
4684.72
4684.29
4683.85
4683.4
4682.94
4682.48
4682.01
4681.53
4681.05
4680.56
4680.06
4679.56
4679.04
4678.52
4678
4677.46
4676.92
4676.37
4675.82
4675.25
4674.68
4674.1
4673.52
4672.92
4672.32
4671.72
4671.1
4670.48
4669.84
4669.21
4668.56
4667.91
4667.24
4666.57
4665.9
4665.21
4664.52
4663.82
4663.12
4662.4
4661.68
4660.95
4660.22
4659.47
4658.72
4657.96
4657.2
4656.43
4655.64
4654.86
4654.06
4653.26
4652.45
4651.64
4650.82
4649.99
4649.15
4648.31
4647.46
4646.61
4645.75
4644.88
4644
4643.12
4642.24
4641.35
