0.927295
0
5.41052
5.41052
5.41052
5.41052
5.41051
5.4105
5.41049
5.41048
5.41046
5.41045
5.41044
5.41043
5.41043
5.41044
5.41045
5.41047
5.4105
5.41054
5.41058
5.41063
5.41068
5.41074
5.41081
5.41088
5.41096
5.41104
5.41112
5.41121
5.4113
5.41139
5.41149
5.41159
5.41169
5.41179
5.4119
5.412
5.41211
5.41222
5.41233
5.41244
5.41255
5.41266
5.41278
5.41289
5.41301
5.41312
5.41324
5.41335
5.41347
5.41359
5.41371
5.41383
5.41394
5.41406
5.41418
5.4143
5.41442
5.41454
5.41466
5.41478
5.41491
5.41503
5.41515
5.41527
5.41539
5.41551
5.41563
5.41575
5.41588
5.416
5.41612
5.41624
5.41636
5.41648
5.4166
5.41673
5.41685
5.41697
5.41709
5.41721
5.41733
5.41745
5.41757
5.41769
5.41781
5.41793
5.41805
5.41817
5.41829
5.41841
5.41853
5.41865
5.41877
5.41888
5.419
5.41912
5.41924
5.41936
5.41948
5.41959
5.41971
5.41983
5.41995
5.42006
5.42018
5.4203
5.42041
5.42053
5.42065
5.42076
5.42088
5.421
5.42111
5.42123
5.42134
5.42146
5.42157
5.42169
5.4218
5.42192
5.42203
5.42215
5.42226
5.42238
5.42249
5.4226
5.42272
5.42283
5.42295
5.42306
5.42317
5.42329
5.4234
5.42351
5.42363
5.42374
5.42385
5.42396
5.42408
5.42419
5.4243
5.42441
5.42453
5.42464
5.42475
5.42486
5.42498
5.42509
5.4252
5.42531
5.42542
5.42553
5.42565
5.42576
5.42587
5.42598
5.42609
5.4262
5.42631
5.42642
5.42653
5.42664
5.42675
5.42687
5.42698
5.42709
5.4272
5.42731
5.42742
5.42753
5.42764
5.42775
5.42786
5.42797
5.42808
5.42819
5.4283
5.42841
5.42852
5.42863
5.42874
5.42885
5.42895
5.42906
5.42917
5.42928
5.42939
5.4295
5.42961
5.42972
5.42983
5.42994
5.43005
5.43015
5.43026
5.43037
5.43048
5.43059
5.4307
5.43081
5.43091
5.43102
5.43113
5.43124
5.43135
5.43145
5.43156
5.43167
5.43178
5.43189
5.43199
5.4321
5.43221
5.43232
5.43243
5.43253
5.43264
5.43275
5.43285
5.43296
5.43307
5.43318
5.43328
5.43339
5.4335
5.4336
5.43371
5.43382
5.43392
5.43403
5.43414
5.43424
5.43435
5.43446
5.43456
5.43467
5.43478
5.43488
5.43499
5.43509
5.4352
5.43531
5.43541
5.43552
5.43562
5.43573
5.43583
5.43594
5.43604
5.43615
5.43625
5.43636
5.43646
5.43657
5.43667
5.43678
5.43688
5.43699
5.43709
5.43719
5.4373
5.4374
5.43751
5.43761
5.43771
5.43782
5.43792
5.43802
5.43813
5.43823
5.43833
5.43844
5.43854
5.43864
5.43874
5.43885
5.43895
5.43905
5.43915
5.43926
5.43936
5.43946
5.43956
5.43966
5.43976
5.43987
5.43997
5.44007
5.44017
5.44027
5.44037
5.44047
5.44057
5.44067
5.44077
5.44087
5.44097
5.44107
5.44117
5.44127
5.44137
5.44147
5.44157
5.44166
5.44176
5.44186
5.44196
5.44206
5.44216
5.44225
5.44235
5.44245
5.44255
5.44264
5.44274
5.44284
5.44293
5.44303
5.44313
5.44322
5.44332
5.44341
5.44351
5.44361
5.4437
5.4438
5.44389
5.44399
5.44408
5.44417
5.44427
5.44436
5.44446
5.44455
5.44464
5.44474
5.44483
5.44492
5.44502
5.44511
5.4452
5.4453
5.44539
5.44548
5.44557
5.44566
5.44575
5.44585
5.44594
5.44603
5.44612
5.44621
5.4463
5.44639
5.44648
5.44657
5.44666
5.44675
5.44684
5.44693
5.44702
5.44711
5.4472
5.44729
5.44737
5.44746
5.44755
5.44764
5.44773
5.44781
5.4479
5.44799
5.44808
5.44816
5.44825
5.44834
5.44842
5.44851
5.4486
5.44868
5.44877
5.44885
5.44894
5.44903
5.44911
5.4492
5.44928
5.44937
5.44945
5.44954
5.44962
5.44971
5.44979
5.44987
5.44996
5.45004
5.45013
5.45021
5.45029
5.45038
5.45046
5.45054
5.45063
5.45071
5.45079
5.45088
5.45096
5.45104
5.45112
5.4512
5.45129
5.45137
5.45145
5.45153
5.45161
5.4517
5.45178
5.45186
5.45194
5.45202
5.4521
5.45218
5.45226
5.45235
5.45243
5.45251
5.45259
5.45267
5.45275
5.45283
5.45291
5.45299
5.45307
5.45315
5.45323
5.45331
5.45339
5.45347
5.45355
5.45362
5.4537
5.45378
5.45386
5.45394
5.45402
5.4541
5.45418
5.45426
5.45433
5.45441
5.45449
5.45457
5.45465
5.45473
5.4548
5.45488
5.45496
5.45504
5.45512
5.45519
5.45527
5.45535
5.45543
5.4555
5.45558
5.45566
5.45574
5.45581
5.45589
5.45597
5.45605
5.45612
5.4562
5.45628
5.45635
5.45643
5.45651
5.45658
5.45666
5.45674
5.45681
5.45689
5.45697
5.45704
5.45712
5.45719
5.45727
5.45735
5.45742
5.4575
5.45757
5.45765
5.45773
5.4578
5.45788
5.45795
5.45803
5.4581
5.45818
5.45825
5.45833
5.4584
5.45848
5.45855
5.45863
5.4587
5.45878
5.45885
5.45893
5.459
5.45908
5.45915
5.45923
5.4593
5.45938
5.45945
5.45952
5.4596
5.45967
5.45975
5.45982
5.4599
5.45997
5.46004
5.46012
5.46019
5.46026
5.46034
5.46041
5.46049
5.46056
5.46063
5.46071
5.46078
5.46085
5.46092
5.461
5.46107
5.46114
5.46122
5.46129
5.46136
5.46144
5.46151
5.46158
5.46165
5.46173
5.4618
5.46187
5.46194
5.46201
5.46209
5.46216
5.46223
5.4623
5.46237
5.46245
5.46252
5.46259
5.46266
5.46273
5.4628
5.46287
5.46295
5.46302
5.46309
5.46316
5.46323
5.4633
5.46337
5.46344
5.46351
5.46358
5.46365
5.46372
5.46379
5.46386
5.46393
5.464
5.46407
5.46414
5.46421
5.46428
5.46435
5.46442
5.46449
5.46456
5.46463
5.4647
5.46477
5.46484
5.46491
5.46498
5.46504
5.46511
5.46518
5.46525
5.46532
5.46539
5.46545
5.46552
5.46559
5.46566
5.46573
5.46579
5.46586
5.46593
5.466
5.46606
5.46613
5.4662
5.46627
5.46633
5.4664
5.46647
5.46653
5.4666
5.46667
5.46673
5.4668
5.46687
5.46693
5.467
5.46706
5.46713
5.46719
5.46726
5.46733
5.46739
5.46746
5.46752
5.46759
5.46765
5.46772
5.46778
5.46785
5.46791
5.46798
5.46804
5.4681
5.46817
5.46823
5.4683
5.46836
5.46842
5.46849
5.46855
5.46862
5.46868
5.46874
5.46881
5.46887
5.46893
5.46899
5.46906
5.46912
5.46918
5.46925
5.46931
5.46937
5.46943
5.46949
5.46956
5.46962
5.46968
5.46974
5.4698
5.46987
5.46993
5.46999
5.47005
5.47011
5.47017
5.47023
5.47029
5.47035
5.47042
5.47048
5.47054
5.4706
5.47066
5.47072
5.47078
5.47084
5.4709
5.47096
5.47102
5.47108
5.47114
5.4712
5.47126
5.47132
5.47138
5.47144
5.47149
5.47155
5.47161
5.47167
5.47173
5.47179
5.47185
5.47191
5.47196
5.47202
5.47208
5.47214
5.4722
5.47226
5.47231
5.47237
5.47243
5.47249
5.47255
5.4726
5.47266
5.47272
5.47278
5.47283
5.47289
5.47295
5.47301
5.47306
5.47312
5.47318
5.47323
5.47329
5.47335
5.4734
5.47346
5.47352
5.47357
5.47363
5.47369
5.47374
5.4738
5.47386
5.47391
5.47397
5.47402
5.47408
5.47414
5.47419
5.47425
5.4743
5.47436
5.47441
5.47447
5.47453
5.47458
5.47464
5.47469
5.47475
5.4748
5.47486
5.47491
5.47497
5.47502
5.47508
5.47513
5.47519
5.47524
5.4753
5.47535
5.47541
5.47546
5.47551
5.47557
5.47562
5.47568
5.47573
5.47579
5.47584
5.47589
5.47595
5.476
5.47606
5.47611
5.47616
5.47622
5.47627
5.47633
5.47638
5.47643
5.47649
5.47654
5.47659
5.47665
5.4767
5.47675
5.47681
5.47686
5.47691
5.47697
5.47702
5.47707
5.47712
5.47718
5.47723
5.47728
5.47734
5.47739
5.47744
5.47749
5.47755
5.4776
5.47765
5.4777
5.47776
5.47781
5.47786
5.47791
5.47797
5.47802
5.47807
5.47812
5.47817
5.47823
5.47828
5.47833
5.47838
5.47843
5.47848
5.47854
5.47859
5.47864
5.47869
5.47874
5.47879
5.47885
5.4789
5.47895
5.479
5.47905
5.4791
5.47915
5.4792
5.47925
5.4793
5.47936
5.47941
5.47946
5.47951
5.47956
5.47961
5.47966
5.47971
5.47976
5.47981
5.47986
5.47991
5.47996
5.48001
5.48006
5.48011
5.48016
5.48021
5.48026
5.48031
5.48036
5.48041
5.48046
5.48051
5.48056
5.48061
5.48066
5.48071
5.48076
5.48081
5.48086
5.48091
5.48096
5.481
5.48105
5.4811
5.48115
5.4812
5.48125
5.4813
5.48135
5.4814
5.48144
5.48149
5.48154
5.48159
5.48164
5.48169
5.48174
5.48178
5.48183
5.48188
5.48193
5.48198
5.48202
5.48207
5.48212
5.48217
5.48221
5.48226
5.48231
5.48236
5.48241
5.48245
5.4825
5.48255
5.48259
5.48264
5.48269
5.48274
5.48278
5.48283
5.48288
5.48292
5.48297
5.48302
5.48306
5.48311
5.48316
5.4832
5.48325
5.4833
5.48334
5.48339
5.48343
5.48348
5.48353
5.48357
5.48362
5.48366
5.48371
5.48376
5.4838
5.48385
5.48389
5.48394
5.48398
5.48403
5.48407
5.48412
5.48416
5.48421
5.48425
5.4843
5.48434
5.48439
5.48443
5.48448
5.48452
5.48457
5.48461
5.48466
5.4847
5.48475
5.48479
5.48483
5.48488
5.48492
5.48497
5.48501
5.48505
5.4851
5.48514
5.48519
5.48523
5.48527
5.48532
5.48536
5.4854
5.48545
5.48549
5.48553
5.48558
5.48562
5.48566
5.48571
5.48575
5.48579
5.48584
5.48588
5.48592
5.48596
5.48601
5.48605
5.48609
5.48613
5.48618
5.48622
5.48626
5.4863
5.48635
5.48639
5.48643
5.48647
5.48651
5.48656
5.4866
5.48664
5.48668
5.48672
5.48677
5.48681
5.48685
5.48689
5.48693
5.48697
5.48701
5.48706
5.4871
5.48714
5.48718
5.48722
5.48726
5.4873
5.48734
5.48739
5.48743
5.48747
5.48751
5.48755
5.48759
5.48763
5.48767
5.48771
5.48775
5.48779
5.48783
5.48787
5.48791
5.48795
5.48799
5.48803
5.48807
5.48811
5.48815
5.48819
5.48823
5.48827
5.48831
5.48835
5.48839
5.48843
5.48847
5.48851
5.48855
5.48859
5.48863
5.48867
5.48871
5.48875
5.48879
5.48883
5.48887
5.48891
5.48895
5.48898
5.48902
5.48906
5.4891
5.48914
5.48918
5.48922
5.48926
5.4893
5.48933
5.48937
5.48941
5.48945
5.48949
5.48953
5.48957
5.4896
5.48964
5.48968
5.48972
5.48976
5.4898
5.48983
5.48987
5.48991
5.48995
5.48999
5.49003
5.49006
5.4901
5.49014
5.49018
5.49021
5.49025
5.49029
5.49033
5.49037
5.4904
5.49044
5.49048
5.49052
5.49055
5.49059
5.49063
5.49067
5.4907
5.49074
5.49078
5.49082
5.49085
5.49089
5.49093
5.49096
5.491
5.49104
5.49107
5.49111
5.49115
5.49119
5.49122
5.49126
5.4913
5.49133
5.49137
5.49141
5.49144
5.49148
5.49152
5.49155
5.49159
5.49163
5.49166
5.4917
5.49173
5.49177
5.49181
5.49184
5.49188
5.49192
5.49195
5.49199
5.49202
5.49206
5.4921
5.49213
5.49217
5.4922
5.49224
5.49228
5.49231
5.49235
5.49238
5.49242
5.49245
5.49249
5.49252
5.49256
5.4926
5.49263
5.49267
5.4927
5.49274
5.49277
5.49281
5.49284
5.49288
5.49291
5.49295
5.49298
5.49302
5.49305
5.49309
5.49312
5.49316
5.49319
5.49323
5.49326
5.4933
5.49333
5.49337
5.4934
5.49344
5.49347
5.4935
5.49354
5.49357
5.49361
5.49364
5.49368
5.49371
5.49374
5.49378
5.49381
5.49385
5.49388
5.49391
5.49395
5.49398
5.49402
5.49405
5.49408
5.49412
5.49415
5.49419
5.49422
5.49425
5.49429
5.49432
5.49435
5.49439
5.49442
5.49445
5.49449
5.49452
5.49455
5.49459
5.49462
5.49465
5.49469
5.49472
5.49475
5.49479
5.49482
5.49485
5.49488
5.49492
5.49495
5.49498
5.49502
5.49505
5.49508
5.49511
5.49515
5.49518
5.49521
5.49524
5.49528
5.49531
5.49534
5.49537
5.4954
5.49544
5.49547
5.4955
5.49553
5.49557
5.4956
5.49563
5.49566
5.49569
5.49573
5.49576
5.49579
5.49582
5.49585
5.49588
5.49592
5.49595
5.49598
5.49601
5.49604
5.49607
5.4961
5.49613
5.49616
5.49619
5.49622
5.49625
5.49628
5.49631
5.49634
5.49637
5.4964
5.49643
5.49646
5.49649
5.49651
5.49654
5.49657
5.49659
5.49662
5.49664
5.49667
5.49669
5.49672
5.49674
5.49677
5.49679
5.49682
5.49684
5.49687
5.4969
5.49693
5.49696
5.49699
5.49702
5.49706
5.4971
5.49714
5.49718
5.49722
5.49727
5.49732
5.49737
5.49742
5.49748
5.49754
5.4976
5.49766
5.49772
5.49779
5.49785
5.49792
5.49799
5.49806
5.49813
5.4982
5.49827
5.49834
5.49842
5.49849
5.49856
5.49863
5.49871
5.49878
5.49885
5.49892
5.49899
5.49907
5.49914
5.49921
5.49928
5.49935
5.49942
5.49949
5.49957
5.49964
5.49971
5.49978
5.49985
5.49993
5.5
5.50007
5.50014
5.50022
5.50029
5.50036
5.50044
5.50051
5.50058
5.50066
5.50073
5.5008
5.50087
5.50095
5.50102
5.50109
5.50116
5.50123
5.50131
5.50138
5.50145
5.50152
5.50159
5.50166
5.50173
5.50181
5.50188
5.50195
5.50202
5.5021
5.50217
5.50225
5.50233
5.50241
5.50249
5.50257
5.50265
5.50273
5.50282
5.5029
5.50299
5.50307
5.50316
5.50325
5.50334
5.50343
5.50351
5.50361
5.5037
5.50379
5.50388
5.50397
5.50406
5.50416
5.50425
5.50435
5.50444
5.50454
5.50463
5.50473
5.50483
5.50494
5.50505
5.50516
5.50527
5.50539
5.50551
5.50564
5.50577
5.5059
5.50604
5.50619
5.50634
5.5065
5.50666
5.50683
5.507
5.50718
5.50736
5.50754
5.50773
5.50792
5.50812
5.50833
5.50854
5.50877
5.509
5.50925
5.50951
5.50978
5.51007
5.51038
5.51071
5.51106
5.51143
5.51182
5.51224
5.51267
5.51313
5.51361
5.51412
5.51464
5.51519
5.51575
5.51633
5.51694
5.51755
5.51818
5.51882
5.51947
5.52012
5.52078
5.52146
5.52215
5.52287
5.5236
5.52436
5.52513
5.52592
5.52672
5.52753
5.52825
5.52919
5.53027
5.53143
5.53263
5.53384
5.53503
5.53617
5.53722
5.53817
5.53902
5.53976
5.5404
5.54094
5.54138
5.54169
5.54188
5.54194
5.54184
5.54159
5.54118
5.5406
5.53984
5.5389
5.53778
5.53645
5.53492
5.53318
5.53121
5.52902
5.52658
5.52391
5.52098
5.51778
5.51432
5.51058
5.50656
5.50225
5.49764
5.49272
5.4875
5.48196
5.4761
5.46993
5.4635
5.45679
5.4498
5.44254
5.43501
5.42721
5.41915
5.41084
5.40227
5.39346
5.3844
5.37512
5.36561
5.35588
5.34594
5.33581
5.32549
5.315
5.30434
5.29353
5.28259
5.27273
5.26469
5.25725
5.25108
5.24612
5.24237
5.23976
5.23826
5.2378
5.23832
5.23973
5.24196
5.24491
5.24849
5.25258
5.25669
5.26103
5.26554
5.26998
5.27429
5.27829
5.28109
5.28297
5.28344
5.28224
5.27914
5.27391
5.2664
5.25649
5.24411
5.22927
5.21201
5.19226
5.17911
5.16851
5.1549
5.14218
5.12886
5.11558
5.10214
5.08856
5.07495
5.06131
5.04767
5.03407
5.0205
5.00696
4.99345
4.97997
4.96649
4.95301
4.93951
4.92599
4.91243
4.89882
4.88515
4.8714
4.85758
4.84367
4.82966
4.81554
4.80134
4.78699
4.77252
4.7579
4.74315
4.72823
4.71316
4.69793
4.68252
4.66694
4.65117
4.63521
4.61907
4.60272
4.58617
4.56942
4.55246
4.53528
4.51788
4.50026
4.48244
4.46443
4.44625
4.42789
4.40938
4.39069
4.37182
4.35274
4.33346
4.31396
4.29424
4.27431
4.25416
4.23381
4.21324
4.19248
4.17151
4.15035
4.12899
4.10745
4.08572
4.06381
4.04173
4.01948
3.99707
3.97451
3.9518
3.92895
3.90597
3.88287
3.85965
3.83632
3.81287
3.78935
3.76573
3.74204
3.71828
3.69445
3.67058
3.64665
3.62269
3.5987
3.57468
3.55063
3.52657
3.5025
3.47843
3.45435
3.43026
3.40618
3.38211
3.35804
3.33397
3.30991
3.28586
3.26182
3.23777
3.21374
3.1897
3.16567
3.14163
3.11759
3.09354
3.06949
3.04543
3.02135
2.99726
2.97315
2.94902
2.92487
2.90069
2.87649
2.85227
2.82801
2.80374
2.77943
2.7551
2.73074
2.70635
2.68195
2.65752
2.63317
2.6087
2.58424
2.55973
2.53522
2.5107
2.48619
2.46166
2.43715
2.41264
2.38815
2.36368
2.33924
2.31482
2.29043
2.26607
2.24178
2.21753
2.19335
2.16924
2.14521
2.12126
2.0974
2.07364
2.04997
2.0264
2.00294
1.97958
1.95634
1.93321
1.9102
1.88731
1.86454
1.84189
1.81937
1.79696
1.77469
1.75254
1.73051
1.70861
1.68684
1.66519
1.64367
1.62228
1.60101
1.57987
1.55885
1.53796
1.5172
1.49655
1.47604
1.45564
1.43537
1.41522
1.39525
1.37533
1.35556
1.33591
1.31641
1.29706
1.27786
1.25881
1.23989
1.22111
1.20249
1.184
1.16563
1.14741
1.12933
1.11139
1.09358
1.07591
1.05838
1.04098
1.02371
1.00657
0.989558
0.97267
0.955904
0.939258
0.92273
0.906317
0.890019
0.873831
0.857751
0.841778
0.825908
0.81014
0.79447
0.778896
0.763416
0.748028
0.732728
0.717514
0.702383
0.687333
0.672361
0.657464
0.64264
0.627887
0.613203
0.598584
0.584028
0.569325
0.554794
0.540235
0.525707
0.511192
0.496684
0.48218
0.467674
0.453162
0.43864
0.424105
0.409554
0.394983
0.380391
0.365774
0.351132
0.336462
0.321763
0.307034
0.292274
0.277483
0.262662
0.247809
0.232927
0.218016
0.203106
0.188174
0.173239
0.1583
0.143362
0.12843
0.113507
0.0985967
0.0837035
0.0688309
0.0539823
0.0391607
0.0243687
0.00960819
6.27807
6.26337
6.24871
6.23408
6.21948
6.20495
6.19044
6.17598
6.16149
6.14702
6.13254
6.11806
6.10356
6.08904
6.0745
6.05992
6.04532
6.03069
6.01603
6.00133
5.98662
5.97188
5.95714
5.94239
5.92765
5.91292
5.89822
5.88342
5.86874
5.85409
5.83952
5.82503
5.81065
5.79638
5.78223
5.7682
5.75431
5.74056
5.72696
5.7135
5.70021
5.68707
5.6741
5.6613
5.64867
5.63622
5.62394
5.61184
5.59991
5.58816
5.57659
5.5652
5.55398
5.54294
5.53206
5.52136
5.51082
5.50045
5.49024
5.48019
5.4703
5.46055
5.45096
5.4415
5.43219
5.42302
5.41397
5.40505
5.39626
5.38758
5.37902
5.37071
5.36242
5.35427
5.34622
5.33829
5.33047
5.32277
5.31517
5.30768
5.30029
5.29299
5.28577
5.27864
5.27158
5.26459
5.25767
5.2508
5.24399
5.23722
5.2305
5.22382
5.21716
5.21053
5.20391
5.1973
5.19069
5.18409
5.17749
5.17088
5.16426
5.15762
5.15096
5.14429
5.13759
5.13086
5.12409
5.1173
5.11047
5.10359
5.09668
5.08972
5.08271
5.07565
5.06854
5.06138
5.05415
5.04687
5.03953
5.03213
5.02467
5.01714
5.00955
5.00189
4.99416
4.98637
4.9785
4.97057
4.96258
4.95451
4.94638
4.93818
4.92991
4.92158
4.91319
4.90473
4.89621
4.88763
4.879
4.87031
4.86156
4.85277
4.84392
4.83503
4.82608
4.8171
4.80806
4.79899
4.78987
4.78071
4.77151
4.76227
4.75298
4.74365
4.73428
4.72487
4.71541
4.7059
4.69634
4.68673
4.67707
4.66735
4.65758
4.64775
4.63787
4.62792
4.61791
4.60784
4.59771
4.58751
4.57725
4.56693
4.55655
4.54611
4.53561
4.52503
4.5144
4.5037
4.49285
4.48197
4.47101
4.45998
4.44889
4.43775
4.42654
4.41527
4.40394
4.39255
4.3811
4.36958
4.358
4.34635
4.33463
4.32284
4.31098
4.29905
4.28703
4.27494
4.26277
4.25052
4.23818
4.22575
4.21323
4.20061
4.1879
4.17509
4.16218
4.14916
4.13603
4.12279
4.10944
4.09596
4.08237
4.06865
4.0548
4.04082
4.02671
4.01246
3.99807
3.98355
3.96887
3.95414
3.93925
3.92423
3.90907
3.89378
3.87835
3.86278
3.84707
3.83123
3.81526
3.79914
3.78289
3.7665
3.74996
3.73329
3.71648
3.69953
3.68244
3.66521
3.64785
3.63035
3.61272
3.59495
3.57706
3.55903
3.54088
3.52261
3.50422
3.48571
3.46709
3.44836
3.42952
3.41058
3.39154
3.3724
3.35317
3.33386
3.31446
3.29498
3.27542
3.25579
3.23603
3.2162
3.19632
3.17635
3.15633
3.13625
3.11611
3.09592
3.07567
3.05538
3.03504
3.01466
2.99424
2.97378
2.95329
2.93276
2.9122
2.89161
2.871
2.85036
2.82969
2.809
2.7883
2.76757
2.74683
2.72607
2.70529
2.6845
2.6637
2.64289
2.62206
2.60123
2.58039
2.55954
2.53868
2.51782
2.49695
2.47608
2.4552
2.43433
2.41345
2.39258
2.3717
2.35083
2.32997
2.30911
2.28826
2.26741
2.24658
2.22575
2.20494
2.18414
2.16335
2.14258
2.12183
2.1011
2.08039
2.0597
2.03903
2.01839
1.99778
1.97719
1.95664
1.93612
1.91563
1.89518
1.87477
1.8544
1.83407
1.81378
1.79354
1.77335
1.75321
1.73312
1.71309
1.69312
1.6732
1.65334
1.63355
1.61383
1.59417
1.57458
1.55507
1.53563
1.51627
1.49699
1.47779
1.45867
1.43964
1.4207
1.40181
1.38303
1.36434
1.34574
1.32723
1.30882
1.2905
1.27227
1.25415
1.23612
1.21819
1.20036
1.18263
1.165
1.14747
1.13004
1.11272
1.09549
1.07837
1.06135
1.04444
1.02762
1.01091
0.994298
0.977786
0.961375
0.945062
0.928848
0.912732
0.896713
0.88079
0.864962
0.849228
0.833588
0.818039
0.802581
0.787213
0.771932
0.756739
0.741632
0.726608
0.711668
0.696808
0.682029
0.667328
0.652703
0.638154
0.623678
0.609274
0.594941
0.580676
0.566478
0.552345
0.538276
0.524268
0.510321
0.496432
0.482601
0.468825
0.455102
0.441433
0.427629
0.413982
0.400308
0.386671
0.373053
0.359454
0.345871
0.3323
0.318738
0.305182
0.291629
0.278077
0.264522
0.250964
0.237398
0.223824
0.210241
0.196645
0.183079
0.169493
0.155917
0.14234
0.128765
0.11519
0.101615
0.0880398
0.0744644
0.0608886
0.0473134
0.0337376
0.0201623
0.00658775
6.2762
6.26263
6.24906
6.2355
6.22194
6.20838
6.19484
6.1813
6.16777
6.15425
6.14075
6.12726
6.11378
6.10032
6.08689
6.07347
6.06009
6.04672
6.03339
6.02009
6.00683
5.9936
5.98041
5.96728
5.95419
5.94115
5.92817
5.91525
5.90239
5.8896
5.87688
5.86424
5.85167
5.83919
5.8268
5.81449
5.80228
5.79016
5.77814
5.76623
5.75441
5.74271
5.73111
5.71962
5.70825
5.69699
5.68584
5.67481
5.6639
5.65311
5.64243
5.63188
5.62145
5.61113
5.60094
5.59087
5.58092
5.57109
5.56138
5.55178
5.54231
5.53295
5.5237
5.51457
5.50555
5.49663
5.48783
5.47914
5.47054
5.46205
5.45366
5.44536
5.43716
5.42905
5.42101
5.41306
5.40519
5.3974
5.38968
5.38202
5.37443
5.3669
5.35943
5.35201
5.34463
5.33731
5.33002
5.32277
5.31555
5.30837
5.30121
5.29408
5.28697
5.27987
5.27279
5.26572
5.25865
5.25159
5.24454
5.23748
5.23041
5.22334
5.21626
5.20917
5.20205
5.19492
5.18777
5.18059
5.17338
5.16614
5.15887
5.15156
5.14422
5.13684
5.12941
5.12194
5.11443
5.10687
5.09926
5.09161
5.0839
5.07615
5.06835
5.06049
5.05258
5.04462
5.0366
5.02852
5.02039
5.01219
5.00394
4.99562
4.98724
4.9788
4.9703
4.96173
4.95309
4.94439
4.93562
4.92679
4.91789
4.90892
4.89989
4.89078
4.88161
4.87237
4.86306
4.85369
4.84424
4.83472
4.82513
4.81548
4.80575
4.79595
4.78608
4.77614
4.76612
4.75604
4.74588
4.73564
4.72534
4.71496
4.7045
4.69397
4.68337
4.67269
4.66193
4.6511
4.64019
4.62921
4.61815
4.60701
4.59579
4.5845
4.57312
4.56167
4.55015
4.53854
4.52686
4.51509
4.50325
4.49134
4.47934
4.46727
4.45512
4.44289
4.43058
4.41819
4.40573
4.39307
4.38037
4.36756
4.35467
4.34168
4.32861
4.31544
4.30218
4.28883
4.27541
4.26188
4.24826
4.23454
4.22073
4.20682
4.19281
4.17871
4.16459
4.15035
4.13604
4.12163
4.10714
4.09255
4.07788
4.06311
4.04826
4.03332
4.0183
4.00319
3.98799
3.9727
3.95733
3.94187
3.92633
3.91069
3.89497
3.87916
3.86326
3.84727
3.8312
3.81503
3.79878
3.78244
3.76602
3.74951
3.73291
3.71622
3.69945
3.6826
3.66566
3.64863
3.63153
3.61435
3.59708
3.57974
3.56232
3.54482
3.52725
3.50961
3.4919
3.47412
3.45627
3.43835
3.42037
3.40232
3.38421
3.36605
3.34782
3.32954
3.31121
3.29282
3.27438
3.2559
3.23737
3.21879
3.20017
3.18151
3.16282
3.14409
3.12532
3.10652
3.08769
3.06883
3.04995
3.03104
3.01211
2.99316
2.9742
2.95521
2.93621
2.9172
2.89818
2.87915
2.86011
2.84107
2.82202
2.80297
2.78392
2.76487
2.74582
2.72678
2.70774
2.68871
2.66969
2.65068
2.63168
2.61269
2.59372
2.57476
2.55581
2.53688
2.51798
2.49908
2.48021
2.46131
2.44241
2.42354
2.40467
2.3858
2.36695
2.3481
2.32926
2.31043
2.29161
2.2728
2.254
2.23521
2.21643
2.19767
2.17892
2.16018
2.14146
2.12276
2.10407
2.0854
2.06675
2.04812
2.02951
2.01092
1.99235
1.9738
1.95527
1.93677
1.91828
1.89983
1.8814
1.86299
1.84461
1.82625
1.80793
1.78966
1.7714
1.75317
1.73497
1.7168
1.69866
1.68055
1.66247
1.64442
1.6264
1.60842
1.59048
1.57257
1.5547
1.53687
1.51908
1.50133
1.48362
1.46596
1.44835
1.43078
1.41327
1.3958
1.37839
1.36102
1.34372
1.32646
1.30927
1.29213
1.27506
1.25804
1.24109
1.22421
1.20738
1.19063
1.17394
1.15732
1.14077
1.12429
1.10789
1.09156
1.0753
1.05912
1.04301
1.02699
1.01104
0.995166
0.979375
0.963664
0.948034
0.932486
0.91702
0.901636
0.886335
0.871117
0.855981
0.840928
0.825957
0.811066
0.796256
0.781518
0.766865
0.752289
0.737791
0.72337
0.709024
0.694754
0.680558
0.666436
0.652386
0.638408
0.624501
0.610664
0.596896
0.583196
0.569564
0.555999
0.5425
0.529067
0.515699
0.502395
0.489154
0.475977
0.462861
0.449808
0.436815
0.423882
0.411009
0.398194
0.385438
0.37274
0.360098
0.347513
0.334984
0.322509
0.31009
0.297725
0.285413
0.273154
0.260949
0.248795
0.236694
0.224644
0.212645
0.200697
0.1888
0.176953
0.165157
0.15341
0.141713
0.130066
0.118469
0.106921
0.095423
0.0839745
0.0725757
0.0612267
0.0499276
0.0386786
0.0274798
0.0163316
0.00523412
6.27737
6.26638
6.25544
6.24444
6.23351
6.22269
6.2119
6.20119
6.19053
6.17995
6.16942
6.15896
6.14856
6.13822
6.12794
6.11772
6.10757
6.09747
6.08744
6.07747
6.06756
6.05771
6.04792
6.03819
6.02852
6.01891
6.00936
5.99987
5.99045
5.98109
5.97179
5.96256
5.95339
5.94428
5.93524
5.92626
5.91735
5.90851
5.89973
5.89102
5.88237
5.87379
5.86527
5.85683
5.84844
5.84013
5.83188
5.82369
5.81557
5.80751
5.79952
5.79159
5.78372
5.77592
5.76818
5.76049
5.75287
5.7453
5.7378
5.73035
5.72295
5.71561
5.70832
5.70109
5.6939
5.68677
5.67969
5.67265
5.66566
5.65871
5.65181
5.64495
5.63814
5.63136
5.62462
5.61792
5.61125
5.60462
5.59802
5.59145
5.5849
5.57839
5.5719
5.56544
5.55899
5.55257
5.54616
5.53977
5.53339
5.52702
5.52066
5.51431
5.50796
5.50161
5.49527
5.48892
5.48257
5.47621
5.46984
5.46346
5.45707
5.45066
5.44424
5.43779
5.43132
5.42482
5.41829
5.41174
5.40515
5.39853
5.39187
5.38517
5.37843
5.37164
5.36481
5.35793
5.35101
5.34403
5.33699
5.32991
5.32276
5.31555
5.30829
5.30096
5.29356
5.2861
5.27857
5.27098
5.26331
5.25557
5.24775
5.23986
5.2319
5.22385
5.21573
5.20752
5.19924
5.19087
5.18241
5.17387
5.16524
5.15652
5.14771
5.13881
5.12982
5.12074
5.11155
5.10228
5.0929
5.08343
5.07386
5.06419
5.05441
5.04454
5.03456
5.02447
5.01428
5.00398
4.99357
4.98305
4.97243
4.96169
4.95084
4.93988
4.9288
4.91761
4.9063
4.89487
4.88333
4.87169
4.85991
4.84802
4.836
4.82386
4.8116
4.79922
4.78672
4.77409
4.76134
4.74847
4.73547
4.72235
4.70911
4.69574
4.68225
4.66864
4.65491
4.64105
4.62708
4.61298
4.59876
4.58443
4.56997
4.55539
4.5407
4.52588
4.51095
4.4959
4.48074
4.46546
4.45007
4.43456
4.41894
4.40321
4.38737
4.37142
4.35536
4.33919
4.32291
4.30653
4.29004
4.27345
4.25676
4.23996
4.22306
4.20607
4.18897
4.17178
4.1545
4.13711
4.11964
4.10207
4.08441
4.06667
4.04883
4.03091
4.0129
3.99481
3.97664
3.95838
3.94005
3.92163
3.90314
3.88457
3.86593
3.84721
3.82843
3.80958
3.79066
3.77167
3.75263
3.73353
3.71437
3.69518
3.67597
3.65669
3.6374
3.61807
3.59871
3.57932
3.5599
3.54046
3.52099
3.50151
3.482
3.46248
3.44295
3.42341
3.40385
3.38429
3.36472
3.34515
3.32558
3.306
3.28643
3.26686
3.2473
3.22774
3.20819
3.18865
3.16912
3.14961
3.1301
3.11062
3.09115
3.07169
3.05226
3.03285
3.01345
2.99408
2.97474
2.95542
2.93612
2.91685
2.89761
2.8784
2.85922
2.84006
2.82094
2.80185
2.7828
2.76377
2.74478
2.72583
2.70691
2.68802
2.66917
2.65036
2.63159
2.61285
2.59414
2.57548
2.55685
2.53826
2.51971
2.5012
2.48275
2.46432
2.44592
2.42757
2.40925
2.39097
2.37273
2.35452
2.33635
2.31821
2.30011
2.28204
2.26401
2.24601
2.22806
2.21014
2.19226
2.17442
2.15662
2.13886
2.12114
2.10346
2.08583
2.06823
2.05068
2.03317
2.01571
1.99829
1.98092
1.96359
1.9463
1.92906
1.91187
1.89473
1.87763
1.86058
1.84357
1.82662
1.80971
1.79285
1.77604
1.75928
1.74257
1.72591
1.7093
1.69274
1.67623
1.65977
1.64336
1.627
1.6107
1.59445
1.57824
1.5621
1.546
1.52996
1.51397
1.49803
1.48214
1.46631
1.45054
1.43481
1.41914
1.40353
1.38797
1.37246
1.35702
1.34165
1.32632
1.31106
1.29586
1.28072
1.26564
1.25063
1.23567
1.22078
1.20595
1.19118
1.17647
1.16183
1.14726
1.13274
1.1183
1.10392
1.0896
1.07535
1.06117
1.04706
1.03301
1.01903
1.00512
0.991284
0.977514
0.963816
0.950188
0.936633
0.923149
0.909738
0.896401
0.883138
0.869949
0.856835
0.843797
0.830835
0.81795
0.805143
0.792414
0.779764
0.767193
0.754703
0.742294
0.729968
0.717725
0.705566
0.693494
0.681508
0.66961
0.657789
0.646068
0.634435
0.622897
0.611454
0.600106
0.588856
0.577705
0.566653
0.555702
0.54485
0.534099
0.523449
0.5129
0.502452
0.492105
0.481859
0.471714
0.461669
0.451725
0.441882
0.432138
0.422494
0.41295
0.403504
0.394157
0.384908
0.375755
0.366699
0.357738
0.348872
0.3401
0.331421
0.322834
0.314339
0.305933
0.297616
0.289388
0.281246
0.273191
0.265221
0.257334
0.249531
0.241809
0.234168
0.226606
0.219123
0.211718
0.204389
0.197135
0.189955
0.182849
0.175814
0.16885
0.161957
0.155131
0.148374
0.141683
0.135058
0.128496
0.121999
0.115563
0.109189
0.102874
0.0966186
0.090421
0.0842801
0.078195
0.0721644
0.0661874
0.0602628
0.0543896
0.0485666
0.0427927
0.0370669
0.0313877
0.025753
0.0201641
0.0146183
0.00911471
0.00365204
6.28141
6.27603
6.27068
6.26526
6.25989
6.25461
6.24933
6.24411
6.23892
6.23377
6.22865
6.22356
6.2185
6.21347
6.20845
6.20346
6.19849
6.19353
6.18859
6.18366
6.17874
6.17383
6.16892
6.16402
6.15913
6.15423
6.14934
6.14445
6.13955
6.13465
6.12974
6.12483
6.11991
6.11497
6.11003
6.10507
6.10009
6.0951
6.09009
6.08506
6.08001
6.07493
6.06983
6.06471
6.05955
6.05436
6.04915
6.0439
6.03861
6.03329
6.02793
6.02253
6.01708
6.0116
6.00606
6.00049
5.99486
5.98918
5.98345
5.97767
5.97183
5.96593
5.95998
5.95396
5.94789
5.94175
5.93554
5.92927
5.92293
5.91653
5.91007
5.90353
5.89694
5.89027
5.88354
5.87674
5.86987
5.86293
5.85592
5.84883
5.84167
5.83444
5.82713
5.81974
5.81228
5.80473
5.79711
5.7894
5.7816
5.77372
5.76576
5.75771
5.74957
5.74134
5.73302
5.72461
5.71611
5.70752
5.69883
5.69004
5.68116
5.67218
5.66311
5.65393
5.64466
5.63528
5.62581
5.61623
5.60656
5.59677
5.58689
5.5769
5.56681
5.55661
5.54631
5.5359
5.52539
5.51477
5.50404
5.49321
5.48227
5.47122
5.46007
5.4488
5.43744
5.42596
5.41438
5.40269
5.39089
5.37899
5.36698
5.35486
5.34264
5.33031
5.31788
5.30535
5.29271
5.27997
5.26712
5.25418
5.24113
5.22798
5.21473
5.20139
5.18794
5.1744
5.16076
5.14703
5.1332
5.11929
5.10528
5.09117
5.07698
5.0627
5.04834
5.03388
5.01934
5.00471
4.99
4.9752
4.96032
4.94533
4.93026
4.91511
4.89987
4.88456
4.86916
4.85367
4.83811
4.82246
4.80672
4.7909
4.775
4.75901
4.74293
4.72676
4.71051
4.69418
4.67775
4.66124
4.64464
4.62796
4.61118
4.59432
4.57737
4.56034
4.54322
4.52602
4.50873
4.49135
4.47389
4.45635
4.43872
4.42101
4.40322
4.38536
4.36741
4.34938
4.33127
4.31309
4.29483
4.2765
4.25809
4.23961
4.22106
4.20243
4.18374
4.16497
4.14614
4.12723
4.10826
4.08922
4.07011
4.05093
4.03168
4.01238
3.993
3.97356
3.95406
3.9345
3.91487
3.89518
3.87544
3.85563
3.83577
3.81585
3.79588
3.77586
3.75579
3.73567
3.71551
3.6953
3.67506
3.6548
3.63449
3.61416
3.5938
3.57342
3.55301
3.53258
3.51212
3.49166
3.47117
3.45067
3.43016
3.40964
3.38911
3.36857
3.34803
3.32748
3.30694
3.28639
3.26585
3.2453
3.22477
3.20424
3.18371
3.1632
3.14269
3.1222
3.10172
3.08126
3.06081
3.04037
3.01996
2.99956
2.97919
2.95887
2.9386
2.91835
2.89813
2.87795
2.8578
2.83769
2.81762
2.79758
2.77758
2.75762
2.7377
2.71782
2.69797
2.67817
2.6584
2.63868
2.61899
2.59935
2.57974
2.56017
2.54065
2.52118
2.50175
2.48237
2.46303
2.44373
2.42447
2.40525
2.38607
2.36693
2.34784
2.32878
2.30976
2.29078
2.27185
2.25295
2.23409
2.21528
2.19651
2.17778
2.1591
2.14046
2.12187
2.10332
2.08482
2.06636
2.04796
2.0296
2.01129
1.99304
1.97483
1.95668
1.93858
1.92053
1.90254
1.8846
1.86672
1.84889
1.83112
1.81341
1.79576
1.77817
1.76064
1.74318
1.72577
1.70843
1.69115
1.67394
1.6568
1.63972
1.62271
1.60577
1.58889
1.57209
1.55536
1.5387
1.52211
1.5056
1.48916
1.47279
1.4565
1.44029
1.42415
1.40809
1.39211
1.37621
1.36041
1.34468
1.32903
1.31347
1.29799
1.2826
1.26729
1.25206
1.23692
1.22187
1.2069
1.19202
1.17723
1.16252
1.1479
1.13336
1.11891
1.10455
1.09028
1.07609
1.06199
1.04798
1.03405
1.02021
1.00646
0.992789
0.979208
0.965713
0.952303
0.93898
0.925742
0.912589
0.899521
0.886538
0.873639
0.860824
0.848093
0.835445
0.82288
0.810398
0.797998
0.78568
0.773444
0.761289
0.749214
0.73722
0.725306
0.713472
0.701717
0.690041
0.678443
0.666923
0.655481
0.644116
0.632828
0.621617
0.610481
0.599422
0.588438
0.577529
0.566695
0.555935
0.545249
0.534637
0.524098
0.513633
0.50324
0.49292
0.482672
0.472496
0.462392
0.45236
0.442399
0.432508
0.422689
0.41294
0.403261
0.393653
0.384115
0.374646
0.365247
0.355918
0.346657
0.337463
0.328336
0.31928
0.310293
0.301362
0.292493
0.283682
0.274928
0.266231
0.257591
0.249007
0.240478
0.232005
0.223586
0.215223
0.206915
0.19866
0.19046
0.182314
0.174222
0.166183
0.158196
0.150263
0.142381
0.134552
0.126773
0.119046
0.111369
0.103743
0.0961661
0.0886382
0.0811588
0.0737273
0.0663431
0.0590054
0.0517138
0.0444675
0.0372657
0.0301078
0.0229928
0.0159201
0.00888882
0.00189798
6.27813
6.27122
6.26435
6.25738
6.25047
6.24368
6.23688
6.23016
6.22347
6.21682
6.21022
6.20365
6.19711
6.1906
6.18411
6.17765
6.17121
6.16479
6.15839
6.152
6.14562
6.13926
6.13291
6.12656
6.12022
6.11389
6.10756
6.10123
6.0949
6.08857
6.08224
6.07589
6.06953
6.06316
6.05678
6.05038
6.04395
6.03751
6.03104
6.02455
6.01802
6.01147
6.00489
5.99827
5.99162
5.98493
5.97821
5.97144
5.96463
5.95777
5.95087
5.94392
5.93692
5.92987
5.92276
5.9156
5.90838
5.90111
5.89377
5.88637
5.87891
5.87138
5.86379
5.85612
5.84839
5.84058
5.83271
5.82476
5.81673
5.80863
5.80045
5.79219
5.78385
5.77543
5.76693
5.75834
5.74967
5.74092
5.73207
5.72314
5.71413
5.70502
5.69582
5.68653
5.67715
5.66767
5.6581
5.64844
5.63868
5.62882
5.61887
5.60882
5.59867
5.58842
5.57807
5.56762
5.55706
5.5464
5.53564
5.52478
5.51381
5.50274
5.49156
5.48028
5.46888
5.45738
5.44578
5.43406
5.42224
5.41031
5.39828
5.38614
5.37389
5.36153
5.34907
5.33651
5.32384
5.31108
5.29821
5.28524
5.27216
5.25899
5.24572
5.23234
5.21887
5.2053
5.19164
5.17787
5.16402
5.15006
5.13602
5.12188
5.10764
5.09332
5.0789
5.06439
5.0498
5.03511
5.02033
5.00547
4.99052
4.97548
4.96035
4.94514
4.92984
4.91446
4.899
4.88345
4.86781
4.8521
4.8363
4.82043
4.80447
4.78843
4.77231
4.75612
4.73985
4.7235
4.70707
4.69057
4.674
4.65735
4.64063
4.62384
4.60698
4.59005
4.57305
4.55598
4.53884
4.52164
4.50438
4.48705
4.46966
4.4522
4.43469
4.41711
4.39948
4.38179
4.36404
4.34623
4.32838
4.31046
4.2925
4.27448
4.25641
4.2383
4.22013
4.20192
4.18366
4.16535
4.147
4.12861
4.11017
4.09169
4.07317
4.05461
4.03601
4.01737
3.9987
3.97998
3.96124
3.94247
3.92366
3.90482
3.88594
3.86704
3.84811
3.82915
3.81016
3.79114
3.7721
3.75303
3.73393
3.71482
3.69568
3.67651
3.65733
3.63813
3.61891
3.59967
3.58041
3.56114
3.54185
3.52255
3.50324
3.48391
3.46458
3.44524
3.42589
3.40654
3.38719
3.36783
3.34847
3.32911
3.30976
3.29041
3.27106
3.25172
3.23239
3.21306
3.19375
3.17445
3.15517
3.13589
3.11664
3.0974
3.07818
3.05898
3.0398
3.02065
3.00151
2.9824
2.96332
2.94426
2.92523
2.90623
2.88726
2.86831
2.8494
2.83052
2.81167
2.79285
2.77407
2.75532
2.7366
2.71792
2.69926
2.68058
2.66197
2.64337
2.62482
2.60627
2.58776
2.56927
2.5508
2.53236
2.51394
2.49554
2.47717
2.45882
2.44049
2.42219
2.4039
2.38565
2.36741
2.3492
2.33101
2.31285
2.29471
2.27659
2.2585
2.24044
2.22241
2.2044
2.18641
2.16846
2.15053
2.13263
2.11475
2.09691
2.07909
2.0613
2.04353
2.0258
2.00809
1.99041
1.97275
1.95513
1.93753
1.91996
1.90242
1.8849
1.86742
1.84995
1.83252
1.81511
1.79773
1.78038
1.76305
1.74575
1.72847
1.71122
1.694
1.6768
1.65963
1.64248
1.62535
1.60826
1.59118
1.57413
1.55711
1.54011
1.52313
1.50618
1.48926
1.47235
1.45548
1.43862
1.42179
1.40499
1.38821
1.37146
1.35473
1.33803
1.32136
1.30471
1.2881
1.27152
1.25497
1.23845
1.22196
1.20552
1.18911
1.17273
1.1564
1.1401
1.12385
1.10764
1.09148
1.07535
1.05928
1.04325
1.02727
1.01134
0.995462
0.979635
0.96386
0.94814
0.932475
0.916866
0.901315
0.885822
0.870388
0.855015
0.839703
0.824453
0.809266
0.794144
0.779086
0.764094
0.749169
0.734311
0.719521
0.704799
0.690147
0.675565
0.661054
0.646613
0.632245
0.617948
0.603724
0.589572
0.575494
0.561489
0.547558
0.533701
0.519918
0.50621
0.492576
0.479018
0.465538
0.452135
0.438812
0.425551
0.41238
0.399296
0.386296
0.373385
0.360562
0.347828
0.335183
0.322627
0.310159
0.29778
0.285489
0.273287
0.261172
0.249145
0.237206
0.225354
0.213589
0.20191
0.190318
0.178811
0.16739
0.156055
0.144804
0.133637
0.122555
0.111556
0.10064
0.0898061
0.0790546
0.0683846
0.0577955
0.0472867
0.0368576
0.0265076
0.0162361
0.00604237
6.27911
6.26907
6.25899
6.24898
6.23901
6.22921
6.21946
6.2098
6.20023
6.19074
6.18134
6.17201
6.16275
6.15357
6.14446
6.13542
6.12644
6.11752
6.10867
6.09988
6.09115
6.08247
6.07386
6.06529
6.05679
6.04833
6.03993
6.03159
6.02329
6.01504
6.00684
5.99868
5.99058
5.98252
5.97451
5.96655
5.95863
5.95076
5.94294
5.93517
5.92744
5.91976
5.91212
5.90453
5.89698
5.88947
5.88201
5.87459
5.86722
5.85988
5.85259
5.84533
5.83812
5.83094
5.82381
5.81671
5.80965
5.80262
5.79564
5.78868
5.78176
5.77488
5.76803
5.76121
5.75442
5.74766
5.74094
5.73424
5.72757
5.72093
5.71432
5.70773
5.70116
5.69463
5.68811
5.68161
5.67514
5.66869
5.66226
5.65584
5.64945
5.64306
5.6367
5.63035
5.62401
5.61768
5.61137
5.60506
5.59877
5.59248
5.58619
5.57992
5.57364
5.56737
5.5611
5.55483
5.54856
5.54229
5.53601
5.52973
5.52344
5.51714
5.51084
5.50452
5.4982
5.49186
5.4855
5.47913
5.47275
5.46634
5.45992
5.45347
5.447
5.44051
5.43399
5.42745
5.42089
5.4143
5.40768
5.40103
5.39436
5.38766
5.38094
5.37418
5.36741
5.3606
5.35376
5.34689
5.34
5.33307
5.32611
5.31913
5.31211
5.30506
5.29798
5.29087
5.28372
5.27654
5.26932
5.26207
5.25478
5.24745
5.24008
5.23267
5.22522
5.21772
5.21018
5.2026
5.19496
5.18728
5.17955
5.17177
5.16393
5.15604
5.1481
5.1401
5.13205
5.12393
5.11576
5.10752
5.09923
5.09087
5.08244
5.07395
5.0654
5.05677
5.04807
5.03931
5.03047
5.02156
5.01257
5.00351
4.99437
4.98515
4.97585
4.96647
4.95701
4.94746
4.93783
4.92811
4.91831
4.90842
4.89843
4.88836
4.8782
4.86794
4.85758
4.84713
4.83659
4.82595
4.8152
4.80436
4.79342
4.78237
4.77122
4.75996
4.7486
4.73714
4.72556
4.71388
4.70208
4.69018
4.67816
4.66604
4.65379
4.64144
4.62897
4.61638
4.60368
4.59086
4.57792
4.56486
4.55169
4.53839
4.52497
4.51145
4.4978
4.48403
4.47015
4.45615
4.44202
4.42779
4.41343
4.39896
4.38437
4.36966
4.35485
4.33991
4.32486
4.3097
4.29443
4.27905
4.26355
4.24795
4.23224
4.21641
4.20049
4.18446
4.16832
4.15208
4.13574
4.11929
4.10275
4.08611
4.06937
4.05254
4.03561
4.01859
4.00148
3.98428
3.967
3.94962
3.93217
3.91463
3.897
3.8793
3.86153
3.84367
3.82574
3.80774
3.78967
3.77154
3.75334
3.73507
3.71674
3.69834
3.67987
3.66136
3.64278
3.62416
3.60548
3.58676
3.56799
3.54917
3.53032
3.51142
3.49248
3.47351
3.4545
3.43545
3.41637
3.39726
3.37812
3.35894
3.33974
3.32051
3.30125
3.28197
3.26266
3.24333
3.22398
3.20461
3.18521
3.1658
3.14637
3.12692
3.10746
3.08798
3.06848
3.04897
3.02945
3.00992
2.99037
2.97082
2.95126
2.93168
2.9121
2.89252
2.87292
2.85332
2.83372
2.81411
2.79451
2.77489
2.75528
2.73567
2.71605
2.69644
2.67683
2.65723
2.63762
2.61802
2.59843
2.57884
2.55926
2.53969
2.52013
2.50061
2.48111
2.46163
2.44217
2.42273
2.40332
2.38393
2.36458
2.34525
2.32595
2.30667
2.28743
2.26822
2.24904
2.22989
2.21078
2.19169
2.17264
2.15363
2.13464
2.1157
2.09678
2.07791
2.05907
2.04026
2.02149
2.00276
1.98407
1.96542
1.9468
1.92823
1.90969
1.89119
1.87274
1.85432
1.83595
1.81762
1.79933
1.78109
1.76288
1.74472
1.72661
1.70853
1.69051
1.67253
1.6546
1.63671
1.61887
1.60108
1.58334
1.56565
1.54801
1.53042
1.51289
1.49541
1.47798
1.46061
1.4433
1.42604
1.40884
1.3917
1.37462
1.35761
1.34065
1.32376
1.30693
1.29016
1.27347
1.25683
1.24027
1.22377
1.20734
1.19097
1.17468
1.15846
1.14231
1.12623
1.11022
1.09429
1.07843
1.06264
1.04692
1.03128
1.01571
1.00022
0.984804
0.969461
0.954194
0.939003
0.923886
0.908845
0.89388
0.87899
0.864175
0.849436
0.834771
0.820181
0.805666
0.791225
0.776858
0.762565
0.748344
0.734196
0.72012
0.706115
0.69218
0.678314
0.664516
0.650785
0.637119
0.623516
0.609976
0.596509
0.583096
0.569741
0.556443
0.543198
0.530007
0.516867
0.503778
0.490739
0.477749
0.464808
0.451915
0.439069
0.426271
0.413521
0.400817
0.38816
0.375549
0.362985
0.350467
0.337994
0.325568
0.313187
0.300852
0.288563
0.276319
0.264121
0.251969
0.239862
0.2278
0.215784
0.203814
0.19189
0.180011
0.168179
0.156393
0.144653
0.13296
0.121313
0.109713
0.0981604
0.0866549
0.075197
0.0637869
0.0524248
0.041111
0.0298457
0.0186293
0.00746207
6.27953
6.26846
6.25744
6.24636
6.23532
6.22442
6.21355
6.20274
6.192
6.18133
6.17071
6.16016
6.14966
6.13922
6.12884
6.11851
6.10823
6.09802
6.08785
6.07774
6.06768
6.05768
6.04773
6.03783
6.028
6.01823
6.00851
5.99885
5.98926
5.97972
5.97025
5.96084
5.95149
5.9422
5.93298
5.92382
5.91473
5.9057
5.89674
5.88783
5.879
5.87023
5.86152
5.85288
5.8443
5.83578
5.82733
5.81894
5.81062
5.80236
5.79416
5.78602
5.77794
5.76993
5.76197
5.75408
5.74625
5.73847
5.73075
5.7231
5.71549
5.70795
5.70046
5.69303
5.68565
5.67832
5.67105
5.66384
5.65667
5.64956
5.6425
5.63548
5.62852
5.62161
5.61475
5.60793
5.60116
5.59443
5.58775
5.58112
5.57453
5.56797
5.56146
5.55499
5.54856
5.54216
5.5358
5.52948
5.52318
5.51692
5.51069
5.50449
5.49832
5.49218
5.48606
5.47996
5.47389
5.46784
5.46181
5.4558
5.4498
5.44382
5.43786
5.4319
5.42596
5.42003
5.41411
5.40819
5.40228
5.39637
5.39046
5.38456
5.37865
5.37275
5.36684
5.36093
5.35501
5.34909
5.34316
5.33722
5.33127
5.32531
5.31934
5.31335
5.30735
5.30133
5.2953
5.28925
5.28318
5.27709
5.27098
5.26484
5.25868
5.2525
5.24628
5.24004
5.23377
5.22747
5.22114
5.21478
5.20838
5.20194
5.19547
5.18896
5.18241
5.17582
5.16919
5.16252
5.1558
5.14903
5.14222
5.13536
5.12845
5.12148
5.11447
5.1074
5.10027
5.09309
5.08585
5.07855
5.07118
5.06374
5.05623
5.04865
5.04099
5.03326
5.02545
5.01756
5.0096
5.00155
4.99342
4.98521
4.97691
4.96853
4.96006
4.95151
4.94286
4.93413
4.9253
4.91638
4.90737
4.89826
4.88906
4.87976
4.87037
4.86087
4.85128
4.84158
4.83179
4.82189
4.81189
4.80178
4.79157
4.78125
4.77082
4.76029
4.74965
4.7389
4.72803
4.71706
4.70598
4.69478
4.68347
4.67205
4.66051
4.64886
4.63709
4.6252
4.6132
4.60108
4.58884
4.57649
4.56402
4.55142
4.53871
4.52588
4.51293
4.49986
4.48666
4.47335
4.45991
4.44636
4.43268
4.41888
4.40496
4.39092
4.37676
4.36248
4.34808
4.33355
4.31891
4.30416
4.28929
4.2743
4.2592
4.24399
4.22866
4.21323
4.19768
4.18202
4.16625
4.15038
4.13439
4.1183
4.10211
4.08581
4.06941
4.05291
4.03631
4.0196
4.00281
3.98591
3.96892
3.95184
3.93466
3.9174
3.90005
3.88261
3.86508
3.84747
3.82978
3.81201
3.79416
3.77624
3.75824
3.74016
3.72202
3.70381
3.68553
3.66719
3.64878
3.63031
3.61178
3.5932
3.57457
3.55587
3.53713
3.51833
3.49949
3.4806
3.46167
3.44269
3.42367
3.40461
3.38551
3.36637
3.3472
3.328
3.30877
3.2895
3.27021
3.25089
3.23154
3.21217
3.19278
3.17337
3.15393
3.13448
3.11501
3.09553
3.07603
3.05652
3.037
3.01746
2.99792
2.97837
2.95881
2.93925
2.91968
2.90011
2.88054
2.86096
2.84139
2.82181
2.80224
2.78267
2.7631
2.74353
2.72398
2.70442
2.68488
2.66534
2.64581
2.62629
2.60678
2.58728
2.5678
2.54832
2.52886
2.50941
2.48998
2.47057
2.45117
2.43179
2.41242
2.39307
2.37374
2.35442
2.33513
2.31585
2.2966
2.27736
2.25814
2.23894
2.21976
2.2006
2.18146
2.16234
2.14324
2.12417
2.10511
2.08608
2.06706
2.04807
2.0291
2.01015
1.99122
1.97231
1.95343
1.93456
1.91572
1.89691
1.87812
1.85935
1.8406
1.82188
1.80317
1.78449
1.76583
1.74719
1.72858
1.70999
1.69142
1.67288
1.65436
1.63587
1.6174
1.59896
1.58055
1.56216
1.54381
1.52548
1.50718
1.48891
1.47067
1.45245
1.43427
1.41613
1.39801
1.37993
1.36188
1.34386
1.32587
1.30792
1.29001
1.27213
1.25429
1.23648
1.21871
1.20097
1.18328
1.16562
1.148
1.13043
1.11289
1.09539
1.07793
1.06051
1.04314
1.02581
1.00852
0.991274
0.974073
0.956916
0.939804
0.922737
0.905717
0.888742
0.871815
0.854935
0.838102
0.821317
0.80458
0.787891
0.771252
0.754663
0.738123
0.721635
0.705197
0.688811
0.672477
0.656196
0.639967
0.623793
0.607673
0.591609
0.575599
0.559646
0.543749
0.527908
0.512125
0.496401
0.480735
0.465128
0.449582
0.434096
0.418672
0.403311
0.388014
0.372781
0.357613
0.342511
0.327477
0.312511
0.297614
0.282787
0.268032
0.253349
0.238739
0.224204
0.209744
0.195361
0.181055
0.166829
0.152682
0.138617
0.124633
0.110733
0.0969174
0.0831873
0.0695437
0.0559878
0.0425207
0.0291435
0.0158571
0.00266272
6.27275
6.25974
6.24669
6.23374
6.22084
6.20814
6.19553
6.18304
6.17067
6.15841
6.14627
6.13424
6.12233
6.11052
6.09882
6.08723
6.07574
6.06436
6.05309
6.04193
6.03088
6.01993
6.00909
5.99836
5.98773
5.97722
5.96682
5.95653
5.94635
5.93629
5.92633
5.91649
5.90676
5.89714
5.88763
5.87823
5.86895
5.85977
5.85071
5.84176
5.83291
5.82418
5.81555
5.80703
5.79862
5.79031
5.78211
5.77402
5.76603
5.75814
5.75036
5.74267
5.73509
5.72762
5.72023
5.71295
5.70577
5.69868
5.69168
5.68478
5.67797
5.67125
5.66462
5.65808
5.65162
5.64525
5.63895
5.63274
5.62661
5.62055
5.61457
5.60866
5.60283
5.59706
5.59136
5.58572
5.58015
5.57463
5.56918
5.56378
5.55844
5.55314
5.5479
5.54271
5.53757
5.53247
5.52742
5.52241
5.51744
5.51251
5.50762
5.50277
5.49796
5.49317
5.48843
5.48371
5.47902
5.47437
5.46974
5.46514
5.46057
5.45602
5.45149
5.44698
5.4425
5.43803
5.43358
5.42915
5.42472
5.42032
5.41592
5.41153
5.40715
5.40277
5.39839
5.39402
5.38965
5.38528
5.3809
5.37652
5.37213
5.36773
5.36332
5.3589
5.35447
5.35002
5.34555
5.34106
5.33656
5.33203
5.32748
5.3229
5.3183
5.31366
5.309
5.3043
5.29957
5.29481
5.29001
5.28517
5.28029
5.27537
5.27041
5.2654
5.26035
5.25525
5.25009
5.24489
5.23964
5.23433
5.22897
5.22355
5.21807
5.21253
5.20693
5.20127
5.19554
5.18975
5.18389
5.17796
5.17196
5.16589
5.15974
5.15352
5.14722
5.14085
5.13439
5.12785
5.12123
5.11453
5.10773
5.10085
5.09388
5.08682
5.07966
5.07241
5.06506
5.05762
5.05008
5.04244
5.0347
5.02685
5.01891
5.01086
5.0027
4.99444
4.98608
4.9776
4.96902
4.96032
4.95152
4.9426
4.93358
4.92443
4.91518
4.90581
4.89632
4.88672
4.877
4.86717
4.85721
4.84714
4.83695
4.82664
4.81621
4.80566
4.79499
4.78419
4.77328
4.76224
4.75108
4.7398
4.7284
4.71687
4.70522
4.69344
4.68155
4.66953
4.65739
4.64512
4.63273
4.62022
4.60758
4.59482
4.58194
4.56894
4.55582
4.54257
4.5292
4.51571
4.5021
4.48837
4.47451
4.46054
4.44645
4.43224
4.41792
4.40347
4.38891
4.37423
4.35944
4.34454
4.32952
4.31438
4.29914
4.28379
4.26832
4.25275
4.23706
4.22127
4.20537
4.18937
4.17326
4.15705
4.14074
4.12432
4.10781
4.09119
4.07448
4.05767
4.04077
4.02377
4.00668
3.9895
3.97223
3.95487
3.93743
3.9199
3.90229
3.8846
3.86683
3.84898
3.83106
3.81306
3.79499
3.77685
3.75864
3.74037
3.72203
3.70363
3.68517
3.66665
3.64808
3.62945
3.61078
3.59205
3.57327
3.55445
3.53559
3.51668
3.49778
3.47881
3.45983
3.44081
3.42175
3.40268
3.38357
3.36444
3.34529
3.32613
3.30694
3.28774
3.26853
3.2493
3.23007
3.21084
3.1916
3.17236
3.15312
3.13389
3.11465
3.09543
3.07622
3.05701
3.03783
3.01865
2.99949
2.98035
2.96124
2.94214
2.92307
2.90402
2.885
2.866
2.84704
2.82811
2.80921
2.79034
2.77151
2.75271
2.73395
2.71522
2.69654
2.6779
2.65929
2.64073
2.62221
2.60373
2.58529
2.5669
2.54855
2.53024
2.51198
2.49377
2.4756
2.45748
2.4394
2.42136
2.40337
2.38541
2.3675
2.34958
2.33171
2.31387
2.29605
2.27826
2.2605
2.24276
2.22504
2.20735
2.18968
2.17203
2.15439
2.13678
2.11919
2.10162
2.08407
2.06654
2.04902
2.03152
2.01404
1.99658
1.97914
1.96171
1.9443
1.9269
1.90952
1.89218
1.87486
1.85754
1.84024
1.82295
1.80567
1.7884
1.77114
1.75389
1.73664
1.71941
1.70219
1.68497
1.66777
1.65057
1.63338
1.61621
1.59904
1.58188
1.56473
1.54759
1.53047
1.51335
1.49624
1.47914
1.46205
1.44497
1.42791
1.41085
1.3938
1.37676
1.35974
1.34272
1.32572
1.30873
1.29174
1.27477
1.25781
1.24087
1.22393
1.207
1.19009
1.17319
1.15631
1.13943
1.12257
1.10573
1.0889
1.07208
1.05528
1.0385
1.02173
1.00498
0.988242
0.971526
0.954829
0.938152
0.921496
0.90486
0.888247
0.871656
0.85509
0.838549
0.822034
0.805547
0.789089
0.772661
0.756273
0.739911
0.723584
0.707293
0.691038
0.67482
0.658654
0.642516
0.626422
0.610369
0.594358
0.57839
0.562465
0.546586
0.530753
0.514969
0.499233
0.483549
0.467917
0.452338
0.436815
0.421348
0.40594
0.390591
0.375302
0.360077
0.344915
0.329818
0.314787
0.299824
0.28493
0.270105
0.255352
0.240671
0.226064
0.211531
0.197072
0.18269
0.168385
0.154158
0.140009
0.125939
0.111949
0.0980397
0.0842107
0.0704631
0.056797
0.0432129
0.0297111
0.0162917
0.00295494
6.27289
6.25972
6.24645
6.23329
6.22016
6.20724
6.19438
6.18165
6.16902
6.15649
6.14405
6.1317
6.11944
6.10726
6.09516
6.08315
6.07121
6.05934
6.04756
6.03585
6.02421
6.01264
6.00114
5.98972
5.97836
5.96707
5.95585
5.94469
5.9336
5.92257
5.91161
5.9007
5.88986
5.87907
5.86834
5.85767
5.84705
5.83649
5.82598
5.81552
5.80511
5.79475
5.78444
5.77418
5.76397
5.7538
5.74367
5.73359
5.72355
5.71356
5.7036
5.69368
5.6838
5.67396
5.66416
5.65439
5.64466
5.63496
5.6253
5.61567
5.60607
5.5965
5.58696
5.57746
5.56798
5.55853
5.5491
5.53971
5.53034
5.521
5.51168
5.50239
5.49312
5.48387
5.47465
5.46545
5.45627
5.44712
5.43799
5.42887
5.41978
5.41071
5.40166
5.39264
5.38363
5.37464
5.36568
5.35673
5.34781
5.3389
5.33002
5.32115
5.31231
5.30349
5.29469
5.2859
5.27714
5.2684
5.25968
5.25098
5.2423
5.23364
5.225
5.21638
5.20778
5.1992
5.19064
5.1821
5.17358
5.16508
5.1566
5.14814
5.1397
5.13128
5.12288
5.1145
5.10615
5.09781
5.08949
5.08119
5.07291
5.06465
5.05641
5.0482
5.04
5.03182
5.02367
5.01553
5.00741
4.99931
4.99124
4.98318
4.97514
4.96712
4.95911
4.95113
4.94316
4.93522
4.92728
4.91937
4.91147
4.90359
4.89573
4.88788
4.88005
4.87223
4.86443
4.85664
4.84886
4.8411
4.83334
4.8256
4.81787
4.81014
4.80243
4.79473
4.78703
4.77934
4.77165
4.76396
4.75627
4.74858
4.74089
4.73319
4.72548
4.71777
4.71004
4.7023
4.69455
4.68678
4.67899
4.67118
4.66335
4.6555
4.64762
4.63971
4.63177
4.6238
4.61579
4.60775
4.59967
4.59156
4.5834
4.57519
4.56695
4.55865
4.55031
4.54191
4.53346
4.52496
4.5164
4.50778
4.49911
4.49037
4.48157
4.4727
4.46377
4.45477
4.4457
4.43656
4.42734
4.41805
4.40869
4.39925
4.38972
4.38012
4.37044
4.36067
4.35082
4.34088
4.33086
4.32074
4.31054
4.30025
4.28986
4.27939
4.26882
4.25816
4.2474
4.23654
4.22559
4.21453
4.20338
4.19212
4.18077
4.16931
4.15775
4.14608
4.13431
4.12244
4.11045
4.09837
4.08617
4.07387
4.06147
4.04895
4.03633
4.0236
4.01076
3.99782
3.98477
3.97162
3.95836
3.94499
3.93152
3.91794
3.90426
3.89048
3.8766
3.86261
3.84853
3.83434
3.82006
3.80567
3.79119
3.77662
3.76194
3.74718
3.73232
3.71737
3.70233
3.68719
3.67197
3.65667
3.64127
3.62579
3.61023
3.59459
3.57886
3.56306
3.54718
3.53122
3.51519
3.49908
3.48291
3.46666
3.45034
3.43395
3.4175
3.40099
3.38441
3.36777
3.35108
3.33432
3.31751
3.30064
3.28372
3.26675
3.24972
3.23265
3.21554
3.19837
3.18116
3.16391
3.14662
3.12929
3.11193
3.09452
3.07708
3.05961
3.0421
3.02457
3.00702
2.98944
2.97184
2.95421
2.93657
2.9189
2.90121
2.88351
2.86579
2.84805
2.8303
2.81253
2.79475
2.77696
2.75916
2.74135
2.72353
2.7057
2.68787
2.67003
2.65218
2.63434
2.61649
2.59864
2.58079
2.56294
2.54509
2.52725
2.50941
2.49157
2.47374
2.45592
2.4381
2.4203
2.40251
2.38472
2.36695
2.34919
2.33145
2.31372
2.29601
2.27832
2.26064
2.24299
2.22535
2.20774
2.19015
2.17258
2.15504
2.13752
2.12003
2.10256
2.08513
2.06772
2.05035
2.03301
2.01571
1.99844
1.98111
1.9639
1.94669
1.92954
1.91243
1.89536
1.87835
1.86138
1.84447
1.8276
1.81078
1.79401
1.77729
1.76061
1.74398
1.72739
1.71085
1.69435
1.67789
1.66146
1.64508
1.62873
1.61242
1.59614
1.5799
1.56369
1.54751
1.53136
1.51524
1.49915
1.48308
1.46705
1.45103
1.43505
1.41908
1.40314
1.38722
1.37132
1.35544
1.33958
1.32374
1.30792
1.29211
1.27632
1.26055
1.24479
1.22904
1.2133
1.19758
1.18187
1.16617
1.15047
1.13479
1.11911
1.10344
1.08777
1.07211
1.05645
1.0408
1.02514
1.00949
0.993846
0.9782
0.962566
0.946937
0.931308
0.915684
0.900063
0.884447
0.868836
0.853229
0.837628
0.822032
0.806441
0.790856
0.775277
0.759704
0.744137
0.728577
0.713024
0.697477
0.681938
0.666407
0.650885
0.635371
0.619866
0.604372
0.588887
0.573415
0.557954
0.542505
0.52707
0.51165
0.496244
0.480855
0.465483
0.450129
0.434794
0.419479
0.404186
0.388914
0.373667
0.358444
0.343247
0.328077
0.312936
0.297824
0.282744
0.267695
0.25268
0.2377
0.222756
0.20785
0.192982
0.178154
0.163367
0.148623
0.133922
0.119267
0.104657
0.0900955
0.0755819
0.06112
0.0467118
0.032351
0.0180437
0.00378909
6.27277
6.25863
6.24437
6.23017
6.21598
6.20197
6.188
6.17413
6.16033
6.14661
6.13297
6.11939
6.10588
6.09244
6.07905
6.06573
6.05248
6.03928
6.02614
6.01306
6.00004
5.98708
5.97418
5.96134
5.94856
5.93584
5.92317
5.91057
5.89802
5.88553
5.87309
5.86071
5.84839
5.83612
5.8239
5.81174
5.79963
5.78758
5.77558
5.76363
5.75172
5.73987
5.72807
5.71632
5.70461
5.69295
5.68134
5.66977
5.65825
5.64677
5.63533
5.62393
5.61258
5.60126
5.58999
5.57875
5.56756
5.55639
5.54527
5.53418
5.52313
5.51211
5.50113
5.49018
5.47927
5.46839
5.45755
5.44674
5.43598
5.42526
5.41457
5.40392
5.39331
5.38274
5.37221
5.36172
5.35127
5.34087
5.33052
5.32021
5.30995
5.29973
5.28957
5.27945
5.26939
5.25938
5.24942
5.23951
5.22965
5.21984
5.21008
5.20037
5.19072
5.18111
5.17155
5.16205
5.15259
5.14318
5.13382
5.12451
5.11524
5.10603
5.09686
5.08774
5.07866
5.06963
5.06065
5.05171
5.04282
5.03397
5.02516
5.0164
5.00768
4.99901
4.99037
4.98178
4.97323
4.96471
4.95624
4.9478
4.9394
4.93104
4.92271
4.91442
4.90616
4.89794
4.88974
4.88158
4.87345
4.86535
4.85727
4.84923
4.84121
4.83321
4.82524
4.81729
4.80936
4.80145
4.79356
4.78568
4.77783
4.76998
4.76215
4.75433
4.74652
4.73872
4.73092
4.72313
4.71534
4.70756
4.69977
4.69198
4.68419
4.6764
4.6686
4.66079
4.65297
4.64514
4.6373
4.62944
4.62156
4.61367
4.60576
4.59782
4.58986
4.58188
4.57387
4.56583
4.55776
4.54966
4.54152
4.53335
4.52515
4.5169
4.50861
4.50028
4.49191
4.48349
4.47503
4.46651
4.45795
4.44933
4.44066
4.43193
4.42315
4.41431
4.4054
4.39644
4.38741
4.37832
4.36916
4.35993
4.35064
4.34127
4.33183
4.32232
4.31274
4.30307
4.29333
4.28352
4.27362
4.26364
4.25358
4.24344
4.23321
4.2229
4.21251
4.20202
4.19145
4.18079
4.17004
4.1592
4.14827
4.13725
4.12613
4.11493
4.10363
4.09223
4.08074
4.06916
4.05748
4.0457
4.03383
4.02186
4.00979
3.99763
3.98537
3.97301
3.96055
3.948
3.93535
3.92263
3.9098
3.89688
3.88389
3.87079
3.85761
3.84434
3.83098
3.81753
3.80399
3.79037
3.77666
3.76286
3.74898
3.73501
3.72096
3.70682
3.6926
3.67831
3.66393
3.64947
3.63494
3.62033
3.60565
3.59089
3.57606
3.56116
3.5462
3.53116
3.51606
3.50089
3.48566
3.47036
3.45501
3.43959
3.42412
3.40859
3.39301
3.37738
3.36169
3.34595
3.33017
3.31433
3.29846
3.28254
3.26657
3.25057
3.23452
3.21844
3.20233
3.18618
3.16999
3.15377
3.13753
3.12125
3.10495
3.08862
3.07227
3.0559
3.0395
3.02308
3.00665
2.9902
2.97373
2.95724
2.94074
2.92423
2.90771
2.89118
2.87463
2.85808
2.84152
2.82496
2.80839
2.79182
2.77524
2.75866
2.74208
2.7255
2.70892
2.69234
2.67576
2.65918
2.64261
2.62604
2.60948
2.59292
2.57637
2.55982
2.54328
2.52675
2.51023
2.49371
2.47721
2.46071
2.44423
2.42775
2.41128
2.39482
2.37837
2.36193
2.3455
2.32908
2.31266
2.29625
2.27984
2.26349
2.24712
2.23076
2.2144
2.19805
2.1817
2.16535
2.149
2.13265
2.11629
2.09994
2.08359
2.06724
2.05089
2.03455
2.0182
2.00186
1.98553
1.9692
1.95287
1.93656
1.92025
1.90394
1.88765
1.87137
1.8551
1.83884
1.82259
1.80636
1.79014
1.77393
1.75774
1.74157
1.72541
1.70927
1.69315
1.67705
1.66097
1.6449
1.62886
1.61285
1.59685
1.58088
1.56493
1.54901
1.53311
1.51724
1.5014
1.48558
1.46979
1.45403
1.43831
1.42261
1.40694
1.3913
1.3757
1.36013
1.34459
1.32909
1.31363
1.2982
1.2828
1.26745
1.25213
1.23684
1.22155
1.20631
1.1911
1.17591
1.16076
1.14563
1.13052
1.11545
1.10039
1.08536
1.07035
1.05537
1.04041
1.02546
1.01054
0.995644
0.980764
0.965902
0.95106
0.936235
0.921428
0.906637
0.891864
0.877106
0.862363
0.847635
0.832922
0.818223
0.803537
0.788864
0.774204
0.759556
0.74492
0.730295
0.715682
0.701079
0.686487
0.671905
0.657333
0.64277
0.628217
0.613673
0.599138
0.584611
0.570093
0.555584
0.541083
0.52659
0.512106
0.49763
0.483161
0.468701
0.454249
0.439805
0.425369
0.410942
0.396523
0.382112
0.36771
0.353316
0.338931
0.324556
0.310189
0.295831
0.281485
0.267154
0.252823
0.238502
0.224188
0.209882
0.195583
0.181293
0.167012
0.152741
0.138479
0.124227
0.109987
0.0957587
0.0815425
0.0673394
0.05315
0.0389749
0.0248148
0.0106705
6.27973
6.26562
6.25153
6.23729
6.22309
6.20901
6.19492
6.18089
6.16689
6.15293
6.139
6.1251
6.11123
6.09739
6.08358
6.0698
6.05605
6.04232
6.02863
6.01496
6.00132
5.9877
5.97412
5.96057
5.94705
5.93356
5.92011
5.90668
5.89329
5.87993
5.86661
5.85332
5.84006
5.82684
5.81365
5.8005
5.78738
5.7743
5.76125
5.74824
5.73527
5.72233
5.70942
5.69655
5.68372
5.67093
5.65817
5.64546
5.63278
5.62015
5.60757
5.59503
5.58253
5.57008
5.55768
5.54532
5.53302
5.52076
5.50856
5.4964
5.4843
5.47225
5.46026
5.44831
5.43642
5.42458
5.41279
5.40106
5.38937
5.37774
5.36616
5.35464
5.34316
5.33173
5.32035
5.30903
5.29775
5.28652
5.27534
5.2642
5.25311
5.24207
5.23108
5.22012
5.20922
5.19835
5.18753
5.17675
5.16601
5.15532
5.14466
5.13404
5.12345
5.11291
5.1024
5.09192
5.08148
5.07107
5.06069
5.05035
5.04003
5.02973
5.01947
5.00923
4.99901
4.98882
4.97865
4.96851
4.95838
4.94827
4.93819
4.92812
4.91806
4.90803
4.89801
4.888
4.87801
4.86802
4.85805
4.8481
4.83815
4.8282
4.81827
4.80834
4.79842
4.78851
4.77859
4.76868
4.75877
4.74886
4.73895
4.72904
4.71913
4.70921
4.69929
4.68937
4.67943
4.66949
4.65954
4.64958
4.63961
4.62963
4.61964
4.60963
4.59961
4.58957
4.57951
4.56944
4.55935
4.54923
4.5391
4.52894
4.51876
4.50856
4.49833
4.48807
4.47779
4.46748
4.45714
4.44677
4.43636
4.42592
4.41545
4.40495
4.39441
4.38383
4.37322
4.36256
4.35187
4.34114
4.33039
4.31959
4.30877
4.2979
4.287
4.27607
4.2651
4.2541
4.24306
4.23198
4.22087
4.20972
4.19853
4.18731
4.17605
4.16475
4.15341
4.14204
4.13062
4.11917
4.10768
4.09615
4.08458
4.07297
4.06132
4.04963
4.0379
4.02613
4.01431
4.00246
3.99056
3.97863
3.96665
3.95463
3.94257
3.93047
3.91832
3.90613
3.8939
3.88163
3.86932
3.85696
3.84456
3.83212
3.81963
3.8071
3.79453
3.78191
3.76925
3.75654
3.74378
3.73098
3.71815
3.70527
3.69234
3.67936
3.66634
3.65327
3.64015
3.62698
3.61376
3.60049
3.58717
3.5738
3.56039
3.54692
3.53341
3.51985
3.50624
3.49259
3.4789
3.46515
3.45137
3.43754
3.42367
3.40976
3.39581
3.38182
3.36779
3.35372
3.33961
3.32547
3.31129
3.29708
3.28283
3.26855
3.25424
3.23989
3.22552
3.21112
3.19668
3.18223
3.16774
3.15323
3.13869
3.12413
3.10955
3.09494
3.08031
3.06567
3.051
3.03631
3.02161
3.00689
2.99216
2.97741
2.96265
2.94787
2.93308
2.91828
2.90347
2.88865
2.87382
2.85898
2.84414
2.82928
2.81443
2.79956
2.7847
2.76983
2.75495
2.74008
2.72521
2.71034
2.69546
2.68059
2.66573
2.65087
2.63601
2.62115
2.60631
2.59146
2.57663
2.5618
2.54698
2.53217
2.51737
2.50258
2.4878
2.47302
2.45826
2.44351
2.42877
2.41405
2.39933
2.38463
2.36994
2.35526
2.3406
2.32595
2.31131
2.29669
2.28208
2.26748
2.2529
2.23834
2.22378
2.20924
2.19472
2.18021
2.16571
2.15123
2.13676
2.12231
2.10786
2.09344
2.07902
2.06462
2.05023
2.03585
2.02149
2.00714
1.99279
1.97847
1.96415
1.94984
1.93554
1.92126
1.90698
1.89271
1.87845
1.8642
1.84996
1.83572
1.82149
1.80729
1.79311
1.77891
1.76473
1.75055
1.73637
1.72219
1.70801
1.69384
1.67966
1.66549
1.65132
1.63716
1.62299
1.60883
1.59468
1.58053
1.56638
1.55224
1.5381
1.52397
1.50985
1.49574
1.48163
1.46753
1.45344
1.43935
1.42528
1.41122
1.39717
1.38312
1.36909
1.35508
1.34107
1.32708
1.3131
1.29913
1.28518
1.27125
1.25733
1.24342
1.22954
1.21567
1.20181
1.18798
1.17416
1.16036
1.14658
1.13282
1.11908
1.10536
1.09166
1.07799
1.06433
1.0507
1.03709
1.0235
1.00994
0.996398
0.982881
0.969389
0.955921
0.942478
0.929059
0.915663
0.90229
0.888938
0.875606
0.862293
0.848977
0.835685
0.822405
0.809136
0.795878
0.782627
0.769384
0.756147
0.742914
0.729684
0.716457
0.70323
0.690004
0.676778
0.66355
0.65032
0.637088
0.623853
0.610614
0.597371
0.584123
0.57087
0.557611
0.544346
0.531074
0.517795
0.504508
0.491213
0.47791
0.464598
0.451276
0.437945
0.424604
0.411253
0.39789
0.384515
0.371127
0.357737
0.344324
0.330898
0.317455
0.303995
0.290517
0.277022
0.263509
0.249979
0.236431
0.222865
0.209281
0.19568
0.182062
0.168426
0.154774
0.141105
0.12742
0.113718
0.1
0.0862673
0.072519
0.0587558
0.0449782
0.0311865
0.0173811
0.0035624
6.27292
6.25907
6.24522
6.2312
6.21718
6.20325
6.18928
6.17532
6.16137
6.14743
6.13349
6.11954
6.1056
6.09166
6.07771
6.06375
6.0498
6.03584
6.02188
6.00791
5.99394
5.97997
5.966
5.95203
5.93806
5.92408
5.91011
5.89614
5.88216
5.8682
5.85423
5.84027
5.82631
5.81235
5.7984
5.78446
5.77051
5.75658
5.74265
5.72873
5.71483
5.70093
5.68707
5.6732
5.65936
5.64553
5.63173
5.61794
5.60418
5.59044
5.57673
5.56305
5.54939
5.53576
5.52216
5.50859
5.49505
5.48154
5.46806
5.45461
5.44119
5.42781
5.41445
5.40113
5.38784
5.37458
5.36135
5.34815
5.33498
5.32185
5.30874
5.29567
5.28262
5.2696
5.25661
5.24365
5.23071
5.2178
5.20492
5.19206
5.17922
5.16641
5.15363
5.14086
5.12812
5.1154
5.1027
5.09002
5.07736
5.06472
5.0521
5.03949
5.0269
5.01433
5.00178
4.98924
4.97671
4.96419
4.95169
4.9392
4.92672
4.91425
4.90179
4.88933
4.87688
4.86444
4.85201
4.83958
4.82715
4.81472
4.8023
4.78988
4.77746
4.76503
4.75261
4.74018
4.72775
4.71531
4.70287
4.69043
4.67797
4.66551
4.65304
4.64056
4.62807
4.61557
4.60306
4.59053
4.57799
4.56544
4.55287
4.54029
4.52769
4.51507
4.50244
4.48978
4.47711
4.46442
4.4517
4.43897
4.42622
4.41345
4.40068
4.38788
4.37507
4.36224
4.3494
4.33655
4.32368
4.3108
4.2979
4.28499
4.27207
4.25913
4.24618
4.23322
4.22024
4.20726
4.19426
4.18125
4.16823
4.1552
4.14215
4.1291
4.11604
4.10296
4.08988
4.07679
4.06369
4.05058
4.03746
4.02433
4.0112
3.99805
3.9849
3.97175
3.95858
3.94541
3.93224
3.91905
3.90586
3.89267
3.87947
3.86626
3.85305
3.83983
3.82661
3.81339
3.80016
3.78692
3.77369
3.76044
3.7472
3.73395
3.72069
3.70744
3.69417
3.6809
3.66763
3.65435
3.64107
3.62779
3.61451
3.60121
3.58791
3.5746
3.56128
3.54795
3.53461
3.52125
3.50789
3.49452
3.48114
3.46774
3.45434
3.44093
3.42751
3.41409
3.40065
3.38721
3.37376
3.3603
3.34684
3.33337
3.31989
3.30641
3.29292
3.27943
3.26593
3.25243
3.23893
3.22542
3.21191
3.1984
3.18488
3.17137
3.15785
3.14433
3.13081
3.11729
3.10377
3.09025
3.07673
3.06321
3.04969
3.03618
3.02266
3.00915
2.99564
2.98214
2.96863
2.95514
2.94164
2.92815
2.91467
2.90119
2.88771
2.87424
2.86078
2.84732
2.83387
2.82043
2.80699
2.79356
2.78014
2.76672
2.75332
2.73992
2.72653
2.71315
2.69978
2.68642
2.67308
2.65974
2.64642
2.63311
2.61981
2.60652
2.59324
2.57998
2.56673
2.5535
2.54027
2.52706
2.51387
2.50069
2.48752
2.47437
2.46123
2.4481
2.43499
2.4219
2.40881
2.39575
2.3827
2.36966
2.35664
2.34363
2.33064
2.31766
2.30469
2.29174
2.27881
2.26589
2.25298
2.24009
2.22721
2.21434
2.20149
2.18865
2.17583
2.16302
2.15022
2.13743
2.12466
2.11189
2.09914
2.08641
2.07368
2.06096
2.04826
2.03556
2.02287
2.0102
1.99753
1.98487
1.97222
1.95958
1.94694
1.93432
1.9217
1.90908
1.89647
1.88387
1.87127
1.85867
1.84607
1.8335
1.82094
1.80836
1.79579
1.78322
1.77064
1.75806
1.74547
1.73288
1.72029
1.70769
1.69509
1.68249
1.66988
1.65727
1.64466
1.63204
1.61943
1.60681
1.59419
1.58157
1.56895
1.55633
1.54371
1.53109
1.51848
1.50586
1.49325
1.48064
1.46803
1.45542
1.44282
1.43023
1.41763
1.40505
1.39246
1.37989
1.36732
1.35475
1.3422
1.32965
1.31711
1.30458
1.29205
1.27954
1.26703
1.25454
1.24205
1.22957
1.21711
1.20466
1.19221
1.17978
1.16736
1.15496
1.14256
1.13018
1.11781
1.10546
1.09311
1.08078
1.06847
1.05617
1.04388
1.0316
1.01934
1.00709
0.994849
0.982615
0.970363
0.958123
0.945883
0.933641
0.921395
0.909143
0.896884
0.884616
0.872337
0.860047
0.847744
0.835426
0.823094
0.810745
0.798379
0.785996
0.773593
0.761171
0.748729
0.736265
0.72378
0.711271
0.698739
0.686183
0.673601
0.660994
0.648361
0.6357
0.623012
0.610296
0.59755
0.584775
0.57197
0.559135
0.546268
0.53337
0.520439
0.507476
0.49448
0.481451
0.468387
0.45529
0.442158
0.42899
0.415788
0.402548
0.389272
0.37596
0.362619
0.34923
0.335804
0.322336
0.308828
0.295277
0.281685
0.268051
0.254376
0.240659
0.2269
0.213101
0.199261
0.185381
0.17146
0.1575
0.143501
0.129462
0.115386
0.101271
0.0871194
0.072931
0.0587066
0.0444466
0.0301519
0.0158232
0.0014611
6.27025
6.25583
6.24137
6.22673
6.21207
6.19747
6.18282
6.16817
6.15351
6.13883
6.12414
6.10944
6.09471
6.07997
6.06522
6.05044
6.03565
6.02085
6.00602
5.99119
5.97634
5.96147
5.9466
5.93171
5.91681
5.9019
5.88699
5.87207
5.85714
5.84221
5.82727
5.81233
5.79739
5.78244
5.7675
5.75255
5.73761
5.72267
5.70773
5.6928
5.67788
5.66296
5.64808
5.63319
5.61833
5.60348
5.58865
5.57385
5.55906
5.5443
5.52957
5.51487
5.5002
5.48555
5.47094
5.45636
5.44181
5.42729
5.41281
5.39836
5.38394
5.36956
5.35521
5.3409
5.32662
5.31238
5.29817
5.28399
5.26985
5.25574
5.24166
5.22762
5.21361
5.19963
5.18568
5.17176
5.15787
5.14401
5.13018
5.11637
5.10259
5.08883
5.07509
5.06138
5.04768
5.03401
5.02036
5.00672
4.99311
4.97951
4.96592
4.95235
4.93879
4.92525
4.91172
4.8982
4.88469
4.87118
4.85769
4.8442
4.83072
4.81725
4.80377
4.79031
4.77684
4.76337
4.74991
4.73645
4.72298
4.70951
4.69604
4.68256
4.66908
4.6556
4.6421
4.6286
4.6151
4.60158
4.58805
4.57452
4.56097
4.54741
4.53384
4.52026
4.50666
4.49305
4.47943
4.46579
4.45214
4.43847
4.42478
4.41108
4.39736
4.38362
4.36987
4.3561
4.34231
4.3285
4.31467
4.30082
4.28696
4.27308
4.25918
4.24526
4.23132
4.21736
4.20339
4.18942
4.17544
4.16144
4.14744
4.13343
4.11942
4.1054
4.09138
4.07735
4.06333
4.0493
4.03527
4.02124
4.00721
3.99318
3.97916
3.96514
3.95112
3.9371
3.92309
3.90909
3.89509
3.8811
3.86711
3.85314
3.83917
3.82521
3.81126
3.79732
3.78339
3.76947
3.75556
3.74166
3.72777
3.71389
3.70003
3.68617
3.67233
3.65851
3.6447
3.6309
3.61712
3.60334
3.58957
3.57581
3.56206
3.54831
3.53458
3.52085
3.50714
3.49343
3.47973
3.46604
3.45237
3.4387
3.42504
3.4114
3.39777
3.38415
3.37054
3.35694
3.34336
3.32979
3.31623
3.30269
3.28916
3.27564
3.26214
3.24865
3.23518
3.22172
3.20827
3.19484
3.18143
3.16803
3.15465
3.14128
3.12792
3.11458
3.10126
3.08795
3.07466
3.06139
3.04812
3.03488
3.02165
3.00844
2.99524
2.98206
2.96889
2.95574
2.94261
2.92949
2.91639
2.9033
2.89023
2.87717
2.86413
2.8511
2.83809
2.8251
2.81212
2.79916
2.78621
2.77327
2.76035
2.74745
2.73457
2.7217
2.70884
2.696
2.68318
2.67037
2.65758
2.6448
2.63204
2.61929
2.60656
2.59385
2.58115
2.56846
2.5558
2.54314
2.5305
2.51788
2.50527
2.49268
2.4801
2.46754
2.45499
2.44245
2.42993
2.41743
2.40493
2.39246
2.37999
2.36754
2.3551
2.34268
2.33027
2.31787
2.30549
2.29311
2.28075
2.26841
2.25607
2.24375
2.23143
2.21913
2.20684
2.19456
2.1823
2.17004
2.15779
2.14555
2.13332
2.12109
2.10887
2.09665
2.08445
2.07227
2.06008
2.04789
2.03571
2.02352
2.01133
1.99913
1.98693
1.97473
1.96252
1.9503
1.93808
1.92586
1.91363
1.90139
1.88916
1.87692
1.86467
1.85243
1.84018
1.82793
1.81568
1.80343
1.79118
1.77892
1.76667
1.75442
1.74217
1.72992
1.71768
1.70543
1.69319
1.68096
1.66873
1.6565
1.64428
1.63207
1.61986
1.60766
1.59547
1.58328
1.57111
1.55894
1.54679
1.53464
1.52251
1.51039
1.49828
1.48618
1.4741
1.46203
1.44997
1.43793
1.4259
1.41389
1.4019
1.38992
1.37796
1.36601
1.35409
1.34218
1.33029
1.31842
1.30657
1.29473
1.28292
1.27113
1.25936
1.2476
1.23583
1.22408
1.21234
1.2006
1.18887
1.17714
1.16541
1.15368
1.14195
1.13022
1.11848
1.10674
1.09499
1.08323
1.07146
1.05969
1.0479
1.0361
1.02428
1.01245
1.0006
0.988741
0.976857
0.964955
0.953031
0.941085
0.929116
0.917123
0.905104
0.89306
0.880988
0.868887
0.856757
0.844597
0.832406
0.820183
0.807926
0.795636
0.78331
0.77095
0.758552
0.746118
0.733645
0.721134
0.708583
0.695992
0.68336
0.670687
0.657971
0.645213
0.632412
0.619567
0.606677
0.593743
0.580764
0.567738
0.554667
0.54155
0.528385
0.515174
0.501915
0.488608
0.475253
0.461851
0.448399
0.4349
0.421352
0.407755
0.39411
0.380415
0.366672
0.352879
0.339038
0.325146
0.311216
0.297226
0.283188
0.269099
0.254958
0.240767
0.226525
0.212233
0.197892
0.183502
0.169064
0.154578
0.140046
0.125469
0.110846
0.0961799
0.0814707
0.0667196
0.0519278
0.0370962
0.0222261
0.00731866
6.27556
6.26058
6.24557
6.23053
6.2153
6.20019
6.185
6.16981
6.1546
6.13936
6.12412
6.10885
6.09357
6.07828
6.06297
6.04764
6.03231
6.01696
6.00161
5.98624
5.97087
5.9555
5.94012
5.92473
5.90935
5.89397
5.87859
5.86321
5.84784
5.83248
5.81712
5.80177
5.78643
5.7711
5.75579
5.74049
5.7252
5.70993
5.69468
5.67944
5.66422
5.64903
5.63385
5.61869
5.60356
5.58846
5.57338
5.55835
5.54334
5.52837
5.51343
5.49853
5.48367
5.46885
5.45407
5.43934
5.42465
5.41001
5.39541
5.38087
5.36636
5.35191
5.33751
5.32315
5.30884
5.29457
5.28036
5.26619
5.25207
5.23799
5.22396
5.20997
5.19602
5.18212
5.16826
5.15445
5.14067
5.12693
5.11323
5.09956
5.08593
5.07234
5.05878
5.04525
5.03175
5.01828
5.00484
4.99143
4.97804
4.96467
4.95133
4.93801
4.92471
4.91142
4.89816
4.88491
4.87168
4.85845
4.84524
4.83204
4.81885
4.80566
4.79248
4.77931
4.76614
4.75297
4.7398
4.72664
4.71347
4.7003
4.68713
4.67396
4.66079
4.6476
4.63442
4.62122
4.60802
4.59482
4.5816
4.56838
4.55514
4.5419
4.52864
4.51538
4.5021
4.48881
4.47551
4.46219
4.44886
4.43552
4.42217
4.4088
4.39541
4.38202
4.3686
4.35518
4.34174
4.32828
4.31481
4.30132
4.28782
4.27431
4.26078
4.24723
4.23367
4.2201
4.20651
4.19291
4.17929
4.16566
4.15201
4.13835
4.12468
4.111
4.0973
4.08359
4.06987
4.05613
4.04239
4.02863
4.01486
4.00108
3.98729
3.97349
3.95968
3.94586
3.93203
3.91819
3.90435
3.8905
3.87665
3.86279
3.84894
3.83507
3.82123
3.80738
3.79353
3.77969
3.76585
3.75201
3.7382
3.72438
3.71057
3.69677
3.68297
3.66918
3.6554
3.64162
3.62784
3.61407
3.60031
3.58656
3.57281
3.55908
3.54535
3.53163
3.51791
3.50421
3.49052
3.47684
3.46317
3.44951
3.43586
3.42222
3.40859
3.39497
3.38137
3.36778
3.35419
3.34062
3.32707
3.31352
3.29999
3.28647
3.27296
3.25946
3.24598
3.23251
3.21905
3.2056
3.19217
3.17875
3.16534
3.15194
3.13856
3.12519
3.11183
3.09848
3.08515
3.07182
3.05851
3.04521
3.03193
3.01865
3.00539
2.99214
2.9789
2.96567
2.95245
2.93924
2.92605
2.91286
2.89969
2.88652
2.87337
2.86023
2.8471
2.83398
2.82087
2.80777
2.79468
2.7816
2.76853
2.75547
2.74242
2.72938
2.71635
2.70334
2.69033
2.67733
2.66434
2.65136
2.63839
2.62543
2.61248
2.59954
2.58661
2.57369
2.56078
2.54788
2.53498
2.52209
2.50921
2.49634
2.48347
2.47061
2.45775
2.4449
2.43205
2.4192
2.40635
2.39352
2.38069
2.36787
2.35504
2.34221
2.32938
2.31655
2.30371
2.29087
2.27802
2.26517
2.25231
2.23943
2.22656
2.21367
2.20078
2.18788
2.17497
2.16206
2.14914
2.13621
2.12328
2.11034
2.0974
2.08446
2.07151
2.05856
2.04561
2.03266
2.0197
2.00675
1.99379
1.98084
1.96789
1.95493
1.94199
1.92904
1.9161
1.90316
1.89023
1.87731
1.86439
1.85148
1.83858
1.82568
1.8128
1.79993
1.78707
1.77422
1.76138
1.74856
1.73576
1.72296
1.71019
1.69743
1.68469
1.67197
1.65927
1.64659
1.63393
1.62129
1.60867
1.59608
1.58351
1.57097
1.55845
1.54596
1.5335
1.52106
1.50865
1.49628
1.48393
1.47161
1.45932
1.44707
1.43482
1.42258
1.41039
1.39822
1.38606
1.37394
1.36183
1.34974
1.33767
1.32562
1.31359
1.30157
1.28957
1.27757
1.26559
1.25363
1.24167
1.22971
1.21777
1.20582
1.19389
1.18195
1.17002
1.15808
1.14614
1.1342
1.12225
1.1103
1.09834
1.08637
1.07438
1.06239
1.05038
1.03836
1.02633
1.01427
1.0022
0.990108
0.977995
0.965859
0.953701
0.941517
0.929308
0.917072
0.904808
0.892516
0.880193
0.867839
0.855453
0.843034
0.83058
0.818092
0.805569
0.793008
0.78041
0.767774
0.755099
0.742384
0.729628
0.716831
0.703992
0.691111
0.678186
0.665218
0.652205
0.639148
0.626045
0.612897
0.599703
0.586463
0.573176
0.559844
0.546465
0.533039
0.519568
0.506051
0.492488
0.478879
0.465226
0.451528
0.437785
0.423999
0.410169
0.396296
0.382385
0.368429
0.354432
0.340393
0.326314
0.312196
0.298038
0.283841
0.269606
0.255334
0.241032
0.226689
0.21231
0.197894
0.183443
0.168957
0.154437
0.139884
0.1253
0.110685
0.0960396
0.081366
0.066665
0.0519378
0.0371855
0.0224095
0.00761079
6.27598
6.26114
6.24628
6.2314
6.21635
6.20145
6.18647
6.1715
6.15653
6.14156
6.12658
6.11161
6.09663
6.08164
6.06666
6.05168
6.03669
6.02171
6.00673
5.99176
5.97679
5.96183
5.94687
5.93193
5.91699
5.90206
5.88715
5.87225
5.85736
5.84249
5.82764
5.8128
5.79799
5.78319
5.76841
5.75365
5.73892
5.72421
5.70952
5.69486
5.68022
5.66561
5.65103
5.63648
5.62195
5.60745
5.59299
5.57856
5.56415
5.54979
5.53545
5.52116
5.5069
5.49271
5.47853
5.46441
5.45033
5.4363
5.42231
5.40837
5.39448
5.38063
5.36684
5.3531
5.33941
5.32577
5.31218
5.29864
5.28515
5.27171
5.25832
5.24498
5.23169
5.21844
5.20524
5.19209
5.17898
5.16591
5.15289
5.13991
5.12697
5.11407
5.10121
5.08838
5.07559
5.06283
5.05011
5.03742
5.02476
5.01213
4.99952
4.98695
4.9744
4.96187
4.94936
4.93688
4.92442
4.91197
4.89955
4.88714
4.87474
4.86236
4.84998
4.83762
4.82527
4.81293
4.8006
4.78827
4.77594
4.76362
4.75131
4.73899
4.72667
4.71436
4.70204
4.68973
4.6774
4.66508
4.65275
4.64042
4.62808
4.61573
4.60337
4.59101
4.57864
4.56626
4.55387
4.54148
4.52907
4.51665
4.50422
4.49178
4.47933
4.46686
4.45439
4.4419
4.4294
4.41689
4.40436
4.39182
4.37927
4.36671
4.35413
4.34154
4.32893
4.31631
4.30368
4.29103
4.27837
4.26569
4.253
4.2403
4.22758
4.21485
4.2021
4.18934
4.17657
4.16378
4.15098
4.13816
4.12533
4.11248
4.09962
4.08675
4.07386
4.06096
4.04804
4.03511
4.02217
4.00921
3.99623
3.98325
3.97024
3.95722
3.94419
3.93114
3.91807
3.90499
3.89189
3.87877
3.86563
3.85247
3.83929
3.8261
3.81289
3.79966
3.78641
3.77313
3.75983
3.7465
3.73315
3.71978
3.70638
3.69295
3.6795
3.66603
3.65253
3.63901
3.62547
3.61191
3.59834
3.58475
3.57114
3.55751
3.54386
3.53021
3.51653
3.50284
3.48914
3.47542
3.46169
3.44795
3.4342
3.42043
3.40666
3.39287
3.37908
3.36527
3.35146
3.33764
3.32381
3.30997
3.29612
3.28227
3.26841
3.25454
3.24067
3.22679
3.21291
3.19902
3.18513
3.17123
3.15733
3.14342
3.12951
3.1156
3.10168
3.08776
3.07384
3.05992
3.04599
3.03206
3.01814
3.0042
2.99027
2.97634
2.96241
2.94847
2.93454
2.9206
2.90667
2.89273
2.8788
2.86487
2.85093
2.837
2.82307
2.80914
2.79521
2.78128
2.76735
2.75342
2.7395
2.72557
2.71165
2.69772
2.6838
2.66988
2.65596
2.64204
2.62812
2.61419
2.60027
2.58636
2.57245
2.55854
2.54463
2.53072
2.5168
2.50289
2.48897
2.47505
2.46113
2.4472
2.43326
2.41933
2.40538
2.39143
2.37747
2.36351
2.34954
2.33556
2.32158
2.3076
2.29361
2.27962
2.26562
2.25163
2.23763
2.22363
2.20962
2.19562
2.18162
2.16762
2.15363
2.13963
2.12564
2.11165
2.09767
2.0837
2.06973
2.05576
2.04181
2.02786
2.01392
1.99999
1.98607
1.97217
1.95827
1.94439
1.93053
1.91668
1.90284
1.88902
1.87522
1.86143
1.84767
1.83392
1.8202
1.80649
1.79281
1.77915
1.76552
1.75191
1.73833
1.72477
1.71124
1.69774
1.68427
1.67083
1.65741
1.64403
1.63069
1.61737
1.60409
1.59085
1.57764
1.56446
1.55132
1.53822
1.52516
1.51213
1.49909
1.48612
1.47317
1.46025
1.44737
1.43452
1.4217
1.40891
1.39615
1.38342
1.37072
1.35804
1.34539
1.33276
1.32016
1.30757
1.29501
1.28247
1.26994
1.25743
1.24493
1.23245
1.21998
1.20752
1.19507
1.18263
1.17019
1.15776
1.14533
1.13291
1.12049
1.10806
1.09564
1.08321
1.07078
1.05834
1.0459
1.03345
1.02099
1.00851
0.996031
0.983535
0.971024
0.958499
0.945957
0.933397
0.920819
0.908222
0.895603
0.882963
0.870301
0.857615
0.844904
0.832168
0.819405
0.806616
0.793798
0.780952
0.768076
0.755169
0.742232
0.729263
0.716261
0.703227
0.690159
0.677057
0.66392
0.65075
0.637544
0.624303
0.611028
0.597718
0.584374
0.570995
0.557583
0.544136
0.530656
0.517143
0.5036
0.490026
0.476418
0.462779
0.449108
0.435407
0.421676
0.407915
0.394125
0.380306
0.36646
0.352586
0.338686
0.324759
0.310808
0.296832
0.282832
0.268809
0.254764
0.240697
0.226616
0.21251
0.198383
0.184236
0.170069
0.155884
0.141681
0.127461
0.113225
0.0989739
0.0847091
0.0704316
0.0561422
0.0418422
0.0275326
0.0132144
6.28207
6.26774
6.25341
6.23906
6.22457
6.21022
6.19582
6.18144
6.16707
6.15271
6.13836
6.12402
6.10969
6.09536
6.08105
6.06674
6.05245
6.03816
6.02389
6.00963
5.99538
5.98115
5.96693
5.95272
5.93853
5.92436
5.91021
5.89608
5.88196
5.86786
5.85379
5.83973
5.8257
5.81168
5.79769
5.78373
5.76978
5.75587
5.74197
5.7281
5.71426
5.70043
5.68664
5.67287
5.65913
5.64541
5.63172
5.61807
5.60444
5.59084
5.57727
5.56373
5.55023
5.53677
5.52336
5.50997
5.49663
5.48334
5.47008
5.45687
5.44371
5.43059
5.41751
5.40449
5.39151
5.37858
5.3657
5.35287
5.34008
5.32734
5.31465
5.30201
5.28941
5.27686
5.26435
5.25189
5.23947
5.22709
5.21476
5.20246
5.19021
5.178
5.16582
5.15368
5.14158
5.12952
5.11748
5.10548
5.09352
5.08158
5.06968
5.0578
5.04595
5.03413
5.02234
5.01057
4.99882
4.98709
4.97539
4.96371
4.95204
4.94039
4.92876
4.91715
4.90555
4.89396
4.88239
4.87083
4.85927
4.84773
4.8362
4.82467
4.81315
4.80163
4.79012
4.77861
4.7671
4.7556
4.74409
4.73259
4.72108
4.70957
4.69806
4.68655
4.67503
4.66351
4.65198
4.64044
4.6289
4.61735
4.6058
4.59423
4.58266
4.57107
4.55948
4.54788
4.53626
4.52463
4.513
4.50135
4.48968
4.478
4.46631
4.45461
4.44289
4.43116
4.41941
4.40765
4.39587
4.38407
4.37226
4.36043
4.34858
4.33671
4.32483
4.31293
4.30101
4.28907
4.27711
4.26513
4.25312
4.2411
4.22906
4.21699
4.20491
4.1928
4.18066
4.16851
4.15633
4.14412
4.13189
4.11964
4.10736
4.09506
4.08272
4.07036
4.05798
4.04556
4.03312
4.02065
4.00815
3.99562
3.98306
3.97047
3.95785
3.9452
3.93251
3.91979
3.90704
3.89425
3.88143
3.86857
3.85567
3.84273
3.82976
3.81675
3.80371
3.79062
3.7775
3.76434
3.75113
3.73789
3.7246
3.71128
3.69791
3.6845
3.67107
3.65759
3.64407
3.63052
3.61693
3.6033
3.58964
3.57594
3.56221
3.54845
3.53465
3.52083
3.50697
3.49308
3.47916
3.46522
3.45124
3.43724
3.42321
3.40916
3.39507
3.38097
3.36684
3.35268
3.33851
3.32431
3.31008
3.29584
3.28158
3.26729
3.25299
3.23867
3.22433
3.20998
3.1956
3.18121
3.16681
3.15239
3.13796
3.12351
3.10905
3.09458
3.08009
3.0656
3.05109
3.03658
3.02205
3.00752
2.99298
2.97843
2.96388
2.94932
2.93476
2.92019
2.90562
2.89104
2.87646
2.86188
2.84729
2.83271
2.81812
2.80354
2.78895
2.77436
2.75978
2.7452
2.73061
2.71603
2.70146
2.68688
2.67231
2.65774
2.64318
2.62862
2.61406
2.5995
2.58495
2.57041
2.55586
2.54132
2.52678
2.51224
2.49773
2.48321
2.4687
2.45419
2.43969
2.42518
2.41068
2.39618
2.38168
2.36718
2.35267
2.33817
2.32366
2.30915
2.29464
2.28013
2.26561
2.2511
2.23659
2.22207
2.20756
2.19305
2.17854
2.16404
2.14954
2.13504
2.12055
2.10606
2.09159
2.07711
2.06265
2.0482
2.03375
2.01931
2.00489
1.99047
1.97607
1.96168
1.94731
1.93295
1.9186
1.90427
1.88996
1.87566
1.86138
1.84712
1.83288
1.81866
1.80447
1.79029
1.77613
1.762
1.7479
1.73381
1.71976
1.70573
1.69172
1.67774
1.6638
1.64988
1.63599
1.62213
1.6083
1.5945
1.58074
1.56701
1.55331
1.53965
1.52602
1.51243
1.49887
1.48535
1.47187
1.45842
1.44495
1.43155
1.41817
1.40483
1.39151
1.37822
1.36496
1.35173
1.33852
1.32534
1.31218
1.29904
1.28593
1.27283
1.25976
1.2467
1.23367
1.22064
1.20764
1.19464
1.18166
1.16869
1.15573
1.14278
1.12983
1.1169
1.10396
1.09104
1.07811
1.06519
1.05227
1.03934
1.02642
1.0135
1.00057
0.987631
0.974691
0.961744
0.94879
0.935827
0.922853
0.90987
0.896874
0.883866
0.870845
0.857809
0.844758
0.831691
0.818608
0.805506
0.792387
0.779248
0.76609
0.752911
0.739711
0.726489
0.713245
0.699978
0.686688
0.673373
0.660035
0.646671
0.633282
0.619868
0.606427
0.59296
0.579466
0.565945
0.552398
0.538823
0.525222
0.511593
0.497938
0.484256
0.470548
0.456814
0.443055
0.429271
0.415463
0.40163
0.387775
0.373896
0.359995
0.346073
0.33213
0.318166
0.304183
0.290184
0.276171
0.262136
0.248082
0.23401
0.21992
0.205814
0.191691
0.177553
0.163401
0.149235
0.135058
0.120869
0.106671
0.0924629
0.0782472
0.0640246
0.0497962
0.0355629
0.0213259
0.00708632
6.27603
6.26179
6.24755
6.23315
6.21876
6.20448
6.19018
6.17591
6.16166
6.14743
6.13322
6.11902
6.10484
6.09068
6.07653
6.0624
6.04828
6.03418
6.02009
6.00602
5.99197
5.97793
5.96392
5.94992
5.93594
5.92199
5.90805
5.89414
5.88025
5.86638
5.85254
5.83872
5.82493
5.81117
5.79743
5.78372
5.77003
5.75638
5.74276
5.72916
5.7156
5.70206
5.68856
5.67509
5.66165
5.64824
5.63487
5.62154
5.60824
5.595
5.58179
5.56863
5.55551
5.54243
5.5294
5.51642
5.50349
5.4906
5.47777
5.46498
5.45225
5.43956
5.42693
5.41435
5.40181
5.38933
5.3769
5.36452
5.35218
5.3399
5.32766
5.31547
5.30333
5.29123
5.27918
5.26718
5.25521
5.24329
5.23142
5.21958
5.20779
5.19603
5.18431
5.17263
5.16099
5.14938
5.13781
5.12627
5.11476
5.10328
5.09184
5.08042
5.06903
5.05767
5.04634
5.03503
5.02374
5.01248
5.00123
4.99001
4.97881
4.96762
4.95646
4.94531
4.93417
4.92305
4.91194
4.90084
4.88975
4.87867
4.8676
4.85654
4.84549
4.83444
4.82339
4.81235
4.80131
4.79028
4.77924
4.7682
4.75717
4.74613
4.73508
4.72404
4.71299
4.70193
4.69087
4.6798
4.66873
4.65765
4.64655
4.63545
4.62435
4.61323
4.6021
4.59095
4.5798
4.56863
4.55746
4.54626
4.53506
4.52383
4.5126
4.50134
4.49007
4.47879
4.46748
4.45616
4.44482
4.43346
4.42208
4.41068
4.39926
4.38782
4.37636
4.36487
4.35336
4.34183
4.33027
4.31869
4.30708
4.29545
4.28379
4.27211
4.26039
4.24865
4.23688
4.22508
4.21325
4.20139
4.1895
4.17758
