5.41052
5.41052
5.41052
5.41047
5.41036
5.41021
5.41003
5.40984
5.40966
5.4095
5.40936
5.40925
5.40917
5.40912
5.4091
5.4091
5.40912
5.40916
5.40922
5.4093
5.40938
5.40948
5.40958
5.40969
5.40981
5.40993
5.41005
5.41018
5.41031
5.41044
5.41057
5.41069
5.41082
5.41095
5.41108
5.4112
5.41133
5.41145
5.41157
5.4117
5.41182
5.41194
5.41207
5.41219
5.41231
5.41243
5.41256
5.41268
5.4128
5.41293
5.41305
5.41317
5.4133
5.41342
5.41355
5.41367
5.4138
5.41392
5.41404
5.41417
5.41429
5.41442
5.41454
5.41467
5.41479
5.41492
5.41504
5.41517
5.41529
5.41542
5.41554
5.41567
5.41579
5.41591
5.41604
5.41616
5.41628
5.41641
5.41653
5.41665
5.41678
5.4169
5.41702
5.41714
5.41726
5.41739
5.41751
5.41763
5.41775
5.41787
5.41799
5.41811
5.41823
5.41835
5.41847
5.41859
5.41871
5.41883
5.41895
5.41907
5.41919
5.41931
5.41942
5.41954
5.41966
5.41978
5.4199
5.42002
5.42013
5.42025
5.42037
5.42048
5.4206
5.42072
5.42083
5.42095
5.42107
5.42118
5.4213
5.42142
5.42153
5.42165
5.42176
5.42188
5.42199
5.42211
5.42222
5.42234
5.42245
5.42257
5.42268
5.4228
5.42291
5.42302
5.42314
5.42325
5.42337
5.42348
5.42359
5.42371
5.42382
5.42393
5.42405
5.42416
5.42427
5.42438
5.4245
5.42461
5.42472
5.42484
5.42495
5.42506
5.42517
5.42528
5.4254
5.42551
5.42562
5.42573
5.42584
5.42596
5.42607
5.42618
5.42629
5.4264
5.42651
5.42662
5.42673
5.42685
5.42696
5.42707
5.42718
5.42729
5.4274
5.42751
5.42762
5.42773
5.42784
5.42795
5.42806
5.42817
5.42828
5.42839
5.4285
5.42861
5.42872
5.42883
5.42894
5.42905
5.42916
5.42927
5.42938
5.42949
5.4296
5.42971
5.42982
5.42993
5.43004
5.43015
5.43025
5.43036
5.43047
5.43058
5.43069
5.4308
5.43091
5.43102
5.43112
5.43123
5.43134
5.43145
5.43156
5.43167
5.43177
5.43188
5.43199
5.4321
5.43221
5.43231
5.43242
5.43253
5.43264
5.43274
5.43285
5.43296
5.43307
5.43317
5.43328
5.43339
5.4335
5.4336
5.43371
5.43382
5.43392
5.43403
5.43414
5.43424
5.43435
5.43446
5.43456
5.43467
5.43477
5.43488
5.43499
5.43509
5.4352
5.4353
5.43541
5.43551
5.43562
5.43573
5.43583
5.43594
5.43604
5.43615
5.43625
5.43636
5.43646
5.43656
5.43667
5.43677
5.43688
5.43698
5.43709
5.43719
5.43729
5.4374
5.4375
5.43761
5.43771
5.43781
5.43792
5.43802
5.43812
5.43823
5.43833
5.43843
5.43853
5.43864
5.43874
5.43884
5.43894
5.43904
5.43915
5.43925
5.43935
5.43945
5.43955
5.43965
5.43976
5.43986
5.43996
5.44006
5.44016
5.44026
5.44036
5.44046
5.44056
5.44066
5.44076
5.44086
5.44096
5.44106
5.44116
5.44126
5.44136
5.44145
5.44155
5.44165
5.44175
5.44185
5.44195
5.44204
5.44214
5.44224
5.44234
5.44243
5.44253
5.44263
5.44272
5.44282
5.44292
5.44301
5.44311
5.44321
5.4433
5.4434
5.44349
5.44359
5.44368
5.44378
5.44387
5.44397
5.44406
5.44416
5.44425
5.44434
5.44444
5.44453
5.44462
5.44472
5.44481
5.4449
5.445
5.44509
5.44518
5.44527
5.44537
5.44546
5.44555
5.44564
5.44573
5.44582
5.44591
5.44601
5.4461
5.44619
5.44628
5.44637
5.44646
5.44655
5.44664
5.44673
5.44682
5.44691
5.44699
5.44708
5.44717
5.44726
5.44735
5.44744
5.44753
5.44761
5.4477
5.44779
5.44788
5.44796
5.44805
5.44814
5.44823
5.44831
5.4484
5.44849
5.44857
5.44866
5.44874
5.44883
5.44892
5.449
5.44909
5.44917
5.44926
5.44934
5.44943
5.44951
5.4496
5.44968
5.44977
5.44985
5.44993
5.45002
5.4501
5.45019
5.45027
5.45035
5.45044
5.45052
5.4506
5.45069
5.45077
5.45085
5.45093
5.45102
5.4511
5.45118
5.45126
5.45135
5.45143
5.45151
5.45159
5.45167
5.45175
5.45184
5.45192
5.452
5.45208
5.45216
5.45224
5.45232
5.4524
5.45248
5.45257
5.45265
5.45273
5.45281
5.45289
5.45297
5.45305
5.45313
5.45321
5.45329
5.45337
5.45345
5.45353
5.45361
5.45368
5.45376
5.45384
5.45392
5.454
5.45408
5.45416
5.45424
5.45432
5.4544
5.45447
5.45455
5.45463
5.45471
5.45479
5.45487
5.45494
5.45502
5.4551
5.45518
5.45526
5.45533
5.45541
5.45549
5.45557
5.45565
5.45572
5.4558
5.45588
5.45596
5.45603
5.45611
5.45619
5.45626
5.45634
5.45642
5.45649
5.45657
5.45665
5.45672
5.4568
5.45688
5.45695
5.45703
5.45711
5.45718
5.45726
5.45734
5.45741
5.45749
5.45756
5.45764
5.45772
5.45779
5.45787
5.45794
5.45802
5.45809
5.45817
5.45824
5.45832
5.4584
5.45847
5.45855
5.45862
5.4587
5.45877
5.45885
5.45892
5.459
5.45907
5.45914
5.45922
5.45929
5.45937
5.45944
5.45952
5.45959
5.45967
5.45974
5.45981
5.45989
5.45996
5.46004
5.46011
5.46018
5.46026
5.46033
5.4604
5.46048
5.46055
5.46063
5.4607
5.46077
5.46085
5.46092
5.46099
5.46106
5.46114
5.46121
5.46128
5.46136
5.46143
5.4615
5.46157
5.46165
5.46172
5.46179
5.46186
5.46194
5.46201
5.46208
5.46215
5.46222
5.4623
5.46237
5.46244
5.46251
5.46258
5.46265
5.46272
5.4628
5.46287
5.46294
5.46301
5.46308
5.46315
5.46322
5.46329
5.46336
5.46343
5.4635
5.46357
5.46365
5.46372
5.46379
5.46386
5.46393
5.464
5.46407
5.46414
5.46421
5.46427
5.46434
5.46441
5.46448
5.46455
5.46462
5.46469
5.46476
5.46483
5.4649
5.46497
5.46503
5.4651
5.46517
5.46524
5.46531
5.46538
5.46544
5.46551
5.46558
5.46565
5.46572
5.46578
5.46585
5.46592
5.46599
5.46605
5.46612
5.46619
5.46625
5.46632
5.46639
5.46645
5.46652
5.46659
5.46665
5.46672
5.46679
5.46685
5.46692
5.46698
5.46705
5.46712
5.46718
5.46725
5.46731
5.46738
5.46744
5.46751
5.46757
5.46764
5.4677
5.46777
5.46783
5.4679
5.46796
5.46803
5.46809
5.46815
5.46822
5.46828
5.46835
5.46841
5.46847
5.46854
5.4686
5.46866
5.46873
5.46879
5.46885
5.46892
5.46898
5.46904
5.46911
5.46917
5.46923
5.46929
5.46935
5.46942
5.46948
5.46954
5.4696
5.46967
5.46973
5.46979
5.46985
5.46991
5.46997
5.47003
5.4701
5.47016
5.47022
5.47028
5.47034
5.4704
5.47046
5.47052
5.47058
5.47064
5.4707
5.47076
5.47082
5.47088
5.47094
5.471
5.47106
5.47112
5.47118
5.47124
5.4713
5.47136
5.47142
5.47148
5.47154
5.4716
5.47166
5.47171
5.47177
5.47183
5.47189
5.47195
5.47201
5.47207
5.47213
5.47218
5.47224
5.4723
5.47236
5.47242
5.47247
5.47253
5.47259
5.47265
5.4727
5.47276
5.47282
5.47288
5.47293
5.47299
5.47305
5.47311
5.47316
5.47322
5.47328
5.47333
5.47339
5.47345
5.4735
5.47356
5.47362
5.47367
5.47373
5.47379
5.47384
5.4739
5.47396
5.47401
5.47407
5.47412
5.47418
5.47424
5.47429
5.47435
5.4744
5.47446
5.47451
5.47457
5.47462
5.47468
5.47474
5.47479
5.47485
5.4749
5.47496
5.47501
5.47507
5.47512
5.47518
5.47523
5.47529
5.47534
5.4754
5.47545
5.4755
5.47556
5.47561
5.47567
5.47572
5.47578
5.47583
5.47588
5.47594
5.47599
5.47605
5.4761
5.47615
5.47621
5.47626
5.47632
5.47637
5.47642
5.47648
5.47653
5.47658
5.47664
5.47669
5.47674
5.4768
5.47685
5.4769
5.47696
5.47701
5.47706
5.47712
5.47717
5.47722
5.47728
5.47733
5.47738
5.47743
5.47749
5.47754
5.47759
5.47764
5.4777
5.47775
5.4778
5.47785
5.47791
5.47796
5.47801
5.47806
5.47811
5.47817
5.47822
5.47827
5.47832
5.47837
5.47843
5.47848
5.47853
5.47858
5.47863
5.47868
5.47874
5.47879
5.47884
5.47889
5.47894
5.47899
5.47904
5.47909
5.47914
5.4792
5.47925
5.4793
5.47935
5.4794
5.47945
5.4795
5.47955
5.4796
5.47965
5.4797
5.47975
5.4798
5.47985
5.4799
5.47995
5.48001
5.48006
5.48011
5.48016
5.48021
5.48026
5.4803
5.48035
5.4804
5.48045
5.4805
5.48055
5.4806
5.48065
5.4807
5.48075
5.4808
5.48085
5.4809
5.48095
5.481
5.48105
5.4811
5.48114
5.48119
5.48124
5.48129
5.48134
5.48139
5.48144
5.48149
5.48153
5.48158
5.48163
5.48168
5.48173
5.48178
5.48182
5.48187
5.48192
5.48197
5.48202
5.48206
5.48211
5.48216
5.48221
5.48225
5.4823
5.48235
5.4824
5.48244
5.48249
5.48254
5.48259
5.48263
5.48268
5.48273
5.48277
5.48282
5.48287
5.48291
5.48296
5.48301
5.48305
5.4831
5.48315
5.48319
5.48324
5.48329
5.48333
5.48338
5.48342
5.48347
5.48352
5.48356
5.48361
5.48365
5.4837
5.48375
5.48379
5.48384
5.48388
5.48393
5.48397
5.48402
5.48406
5.48411
5.48415
5.4842
5.48424
5.48429
5.48433
5.48438
5.48442
5.48447
5.48451
5.48456
5.4846
5.48465
5.48469
5.48474
5.48478
5.48482
5.48487
5.48491
5.48496
5.485
5.48504
5.48509
5.48513
5.48518
5.48522
5.48526
5.48531
5.48535
5.48539
5.48544
5.48548
5.48552
5.48557
5.48561
5.48565
5.4857
5.48574
5.48578
5.48583
5.48587
5.48591
5.48595
5.486
5.48604
5.48608
5.48612
5.48617
5.48621
5.48625
5.48629
5.48634
5.48638
5.48642
5.48646
5.4865
5.48655
5.48659
5.48663
5.48667
5.48671
5.48676
5.4868
5.48684
5.48688
5.48692
5.48696
5.487
5.48705
5.48709
5.48713
5.48717
5.48721
5.48725
5.48729
5.48733
5.48738
5.48742
5.48746
5.4875
5.48754
5.48758
5.48762
5.48766
5.4877
5.48774
5.48778
5.48782
5.48786
5.4879
5.48794
5.48798
5.48802
5.48806
5.4881
5.48814
5.48818
5.48822
5.48826
5.4883
5.48834
5.48838
5.48842
5.48846
5.4885
5.48854
5.48858
5.48862
5.48866
5.4887
5.48874
5.48878
5.48882
5.48886
5.4889
5.48894
5.48898
5.48901
5.48905
5.48909
5.48913
5.48917
5.48921
5.48925
5.48929
5.48933
5.48937
5.4894
5.48944
5.48948
5.48952
5.48956
5.4896
5.48964
5.48967
5.48971
5.48975
5.48979
5.48983
5.48987
5.4899
5.48994
5.48998
5.49002
5.49006
5.49009
5.49013
5.49017
5.49021
5.49025
5.49028
5.49032
5.49036
5.4904
5.49043
5.49047
5.49051
5.49055
5.49058
5.49062
5.49066
5.4907
5.49073
5.49077
5.49081
5.49085
5.49088
5.49092
5.49096
5.49099
5.49103
5.49107
5.49111
5.49114
5.49118
5.49122
5.49125
5.49129
5.49133
5.49136
5.4914
5.49144
5.49147
5.49151
5.49155
5.49158
5.49162
5.49166
5.49169
5.49173
5.49176
5.4918
5.49184
5.49187
5.49191
5.49195
5.49198
5.49202
5.49205
5.49209
5.49213
5.49216
5.4922
5.49223
5.49227
5.4923
5.49234
5.49238
5.49241
5.49245
5.49248
5.49252
5.49255
5.49259
5.49262
5.49266
5.4927
5.49273
5.49277
5.4928
5.49284
5.49287
5.49291
5.49294
5.49298
5.49301
5.49305
5.49308
5.49312
5.49315
5.49319
5.49322
5.49326
5.49329
5.49332
5.49336
5.49339
5.49343
5.49346
5.4935
5.49353
5.49357
5.4936
5.49363
5.49367
5.4937
5.49374
5.49377
5.49381
5.49384
5.49387
5.49391
5.49394
5.49398
5.49401
5.49404
5.49408
5.49411
5.49414
5.49418
5.49421
5.49425
5.49428
5.49431
5.49435
5.49438
5.49441
5.49445
5.49448
5.49451
5.49455
5.49458
5.49461
5.49465
5.49468
5.49471
5.49475
5.49478
5.49481
5.49484
5.49488
5.49491
5.49494
5.49498
5.49501
5.49504
5.49507
5.49511
5.49514
5.49517
5.4952
5.49524
5.49527
5.4953
5.49533
5.49537
5.4954
5.49543
5.49546
5.49549
5.49553
5.49556
5.49559
5.49562
5.49565
5.49569
5.49572
5.49575
5.49578
5.49581
5.49584
5.49588
5.49591
5.49594
5.49597
5.496
5.49603
5.49607
5.4961
5.49613
5.49616
5.4962
5.49623
5.49626
5.4963
5.49633
5.49636
5.4964
5.49643
5.49646
5.49649
5.49652
5.49655
5.49658
5.49661
5.49664
5.49667
5.49669
5.49672
5.49674
5.49677
5.49679
5.49682
5.49684
5.49687
5.4969
5.49693
5.49696
5.497
5.49704
5.49708
5.49712
5.49717
5.49723
5.49728
5.49734
5.49741
5.49747
5.49754
5.49761
5.49769
5.49776
5.49784
5.49792
5.498
5.49808
5.49816
5.49825
5.49833
5.49842
5.4985
5.49858
5.49867
5.49875
5.49883
5.49891
5.49899
5.49907
5.49914
5.49922
5.49929
5.49937
5.49944
5.49951
5.49958
5.49966
5.49973
5.4998
5.49987
5.49995
5.50002
5.50009
5.50017
5.50024
5.50032
5.50039
5.50047
5.50054
5.50062
5.5007
5.50077
5.50085
5.50093
5.501
5.50108
5.50116
5.50123
5.50131
5.50139
5.50146
5.50153
5.50161
5.50168
5.50175
5.50183
5.5019
5.50197
5.50204
5.50211
5.50219
5.50226
5.50233
5.50241
5.50248
5.50256
5.50264
5.50272
5.5028
5.50288
5.50297
5.50306
5.50315
5.50324
5.50333
5.50343
5.50352
5.50362
5.50371
5.50381
5.50391
5.504
5.5041
5.5042
5.50429
5.50439
5.50449
5.50459
5.50469
5.50479
5.50488
5.50498
5.50508
5.50518
5.50528
5.50539
5.50549
5.5056
5.50571
5.50582
5.50594
5.50606
5.50619
5.50633
5.50648
5.50663
5.50679
5.50696
5.50714
5.50733
5.50752
5.50772
5.50792
5.50813
5.50834
5.50856
5.50878
5.509
5.50923
5.50945
5.50969
5.50993
5.51018
5.51044
5.51071
5.51101
5.51133
5.51167
5.51205
5.51245
5.51289
5.51337
5.51388
5.51442
5.515
5.51561
5.51624
5.51691
5.51759
5.5183
5.51902
5.51969
5.52029
5.52084
5.52138
5.52193
5.52254
5.5232
5.52393
5.5247
5.52551
5.52632
5.52715
5.52797
5.52881
5.52965
5.53052
5.53213
5.53437
5.53706
5.53977
5.54226
5.54435
5.54605
5.54746
5.54869
5.54988
5.55107
5.55226
5.55341
5.55444
5.55533
5.55603
5.55654
5.55687
5.55704
5.55705
5.5569
5.5566
5.55614
5.5555
5.55468
5.55367
5.55246
5.55106
5.54946
5.54764
5.54562
5.54339
5.54093
5.53826
5.53536
5.53224
5.52889
5.52531
5.52149
5.51745
5.51317
5.50867
5.50394
5.499
5.49383
5.48845
5.48286
5.47708
5.47112
5.46501
5.45876
5.45239
5.44593
5.43939
5.4328
5.42618
5.41955
5.41294
5.40637
5.39987
5.39346
5.38717
5.38102
5.37502
5.3692
5.36357
5.35817
5.35315
5.34866
5.34482
5.34169
5.3393
5.33766
5.33675
5.33651
5.33687
5.33773
5.33899
5.34053
5.34223
5.34397
5.34563
5.34706
5.34813
5.34872
5.34871
5.34801
5.3465
5.34408
5.34059
5.33591
5.32988
5.32237
5.31323
5.30231
5.28948
5.27464
5.25763
5.23827
5.21715
5.19533
5.17435
5.15491
5.13713
5.12083
5.10568
5.09143
5.07779
5.06456
5.05157
5.03871
5.0259
5.01309
5.00027
4.98741
4.9745
4.96154
4.94851
4.93541
4.92223
4.90894
4.89553
4.88199
4.86832
4.85449
4.8405
4.82635
4.81202
4.79752
4.78284
4.76797
4.75292
4.73767
4.72222
4.70657
4.69072
4.67465
4.65838
4.64189
4.62519
4.60827
4.59113
4.57377
4.55441
4.53502
4.51567
4.49696
4.4787
4.46069
4.44263
4.42431
4.40561
4.38652
4.36709
4.34737
4.32743
4.30731
4.28703
4.26658
4.24598
4.2252
4.20424
4.1831
4.16179
4.1403
4.11865
4.09684
4.07488
4.05279
4.03055
4.00819
3.98571
3.96311
3.94041
3.91761
3.89471
3.87174
3.84868
3.82556
3.80237
3.77913
3.75583
3.73249
3.70911
3.68569
3.66225
3.63879
3.61531
3.59181
3.56831
3.5448
3.52128
3.49775
3.47422
3.45069
3.42714
3.40359
3.38002
3.35644
3.33284
3.30921
3.28556
3.26187
3.23814
3.21436
3.19053
3.16665
3.1427
3.11867
3.09457
3.07039
3.04612
3.02176
2.99731
2.97275
2.94809
2.92333
2.89846
2.87349
2.84841
2.82324
2.79796
2.77259
2.74713
2.72158
2.69697
2.67226
2.64741
2.62226
2.59685
2.57124
2.54548
2.51962
2.49368
2.4677
2.44171
2.41572
2.38975
2.36382
2.33793
2.3121
2.28633
2.26065
2.23504
2.20952
2.18409
2.15876
2.13354
2.10843
2.08344
2.05858
2.03385
2.00925
1.98478
1.96046
1.93628
1.91224
1.88836
1.86462
1.84104
1.81761
1.79434
1.77122
1.74827
1.72548
1.70284
1.68037
1.65807
1.63592
1.61394
1.59212
1.57046
1.54896
1.52762
1.50644
1.48542
1.46455
1.44384
1.42329
1.4023
1.38144
1.36071
1.34036
1.32036
1.30072
1.28133
1.26211
1.24302
1.22402
1.20512
1.18634
1.1677
1.14922
1.13092
1.11281
1.09487
1.07711
1.05949
1.04203
1.0247
1.0075
0.990443
0.973512
0.956709
0.940034
0.923483
0.907055
0.890747
0.874556
0.85848
0.842516
0.826663
0.810917
0.795277
0.779742
0.764309
0.748976
0.733743
0.718607
0.703567
0.688621
0.67377
0.659012
0.644349
0.629778
0.615301
0.600916
0.586625
0.573889
0.56133
0.548925
0.536384
0.523709
0.510885
0.49797
0.484994
0.471992
0.458986
0.445994
0.43303
0.420101
0.407215
0.394377
0.38159
0.368857
0.356179
0.343556
0.330988
0.318473
0.306008
0.293589
0.28121
0.268866
0.256348
0.243753
0.231076
0.218324
0.205492
0.192573
0.179557
0.166433
0.153186
0.139803
0.126268
0.112564
0.0986773
0.0845901
0.0702876
0.0557556
0.0409812
0.0259537
0.0106645
6.27873
6.26336
6.24774
6.23134
6.21465
6.19768
6.18048
6.16308
6.14549
6.12775
6.10987
6.0919
6.07386
6.05578
6.03771
6.01967
6.00169
5.98381
5.96606
5.94846
5.93105
5.91384
5.89768
5.88177
5.8661
5.85056
5.83514
5.81984
5.80469
5.7897
5.77489
5.76028
5.74589
5.73171
5.71777
5.70407
5.69059
5.67735
5.66433
5.65154
5.63897
5.62661
5.61446
5.60252
5.59078
5.57923
5.56787
5.55671
5.54572
5.53491
5.52427
5.51381
5.50351
5.49337
5.48339
5.47356
5.46388
5.45435
5.44496
5.4357
5.42657
5.41757
5.40869
5.39994
5.39129
5.38276
5.37341
5.3642
5.35511
5.34642
5.33809
5.33011
5.32237
5.31481
5.30736
5.29999
5.29268
5.28542
5.27822
5.27109
5.26402
5.25702
5.25008
5.24322
5.23641
5.22967
5.22298
5.21633
5.20973
5.20317
5.19664
5.19015
5.18368
5.17724
5.17081
5.1644
5.158
5.15162
5.14524
5.13887
5.1325
5.12614
5.11979
5.11343
5.10707
5.10072
5.09436
5.08799
5.08163
5.07525
5.06887
5.06248
5.05609
5.04968
5.04326
5.03684
5.0304
5.02394
5.01747
5.01098
5.00447
4.99795
4.9914
4.98483
4.97822
4.97159
4.96493
4.95823
4.95148
4.9447
4.93786
4.93097
4.92402
4.917
4.90992
4.90275
4.8955
4.88816
4.88073
4.87319
4.86554
4.85777
4.84988
4.84187
4.83371
4.82542
4.81699
4.80841
4.79967
4.79079
4.78175
4.77256
4.76321
4.75372
4.74407
4.73428
4.72435
4.71429
4.70409
4.69377
4.68334
4.67279
4.66215
4.65141
4.64059
4.62969
4.61872
4.60769
4.59661
4.58549
4.57432
4.56312
4.55189
4.54115
4.53042
4.51968
4.50884
4.49791
4.48688
4.47575
4.46454
4.45326
4.4419
4.43048
4.419
4.40746
4.39587
4.38422
4.37251
4.36075
4.34893
4.33705
4.3251
4.31309
4.30101
4.28885
4.27662
4.26431
4.25191
4.23942
4.22685
4.21418
4.20141
4.18854
4.17557
4.16249
4.14929
4.13599
4.12256
4.10902
4.09536
4.08157
4.06765
4.0536
4.03942
4.02511
4.00975
3.99427
3.97871
3.96327
3.94792
3.93264
3.91737
3.90204
3.88662
3.87108
3.85541
3.8396
3.82365
3.80756
3.79133
3.77497
3.75847
3.74185
3.72509
3.70821
3.6912
3.67406
3.6568
3.63942
3.62191
3.60429
3.58655
3.56869
3.55072
3.53264
3.51445
3.49616
3.47776
3.45925
3.44065
3.42196
3.40316
3.38428
3.36531
3.34624
3.3271
3.30787
3.28856
3.26917
3.2497
3.23016
3.21053
3.19081
3.17101
3.15114
3.13119
3.11116
3.09106
3.07089
3.05064
3.03032
3.00994
2.98948
2.96895
2.94835
2.92769
2.90696
2.88616
2.86529
2.84436
2.82336
2.8023
2.78117
2.75997
2.73872
2.7174
2.69602
2.67458
2.65308
2.63152
2.60991
2.58824
2.56652
2.54475
2.52293
2.50106
2.47916
2.45721
2.43522
2.41321
2.39116
2.36908
2.34698
2.32486
2.30272
2.28058
2.25842
2.23626
2.2141
2.19194
2.16979
2.14765
2.12553
2.10342
2.08135
2.05929
2.03727
2.01529
1.99334
1.97144
1.94959
1.92778
1.90603
1.88434
1.86271
1.84115
1.81965
1.79823
1.77688
1.75561
1.73443
1.71332
1.69231
1.67139
1.65056
1.62982
1.60919
1.58865
1.56822
1.5479
1.52769
1.50758
1.48759
1.46771
1.44795
1.42831
1.4088
1.3894
1.37013
1.35097
1.33193
1.313
1.29417
1.27546
1.25687
1.23839
1.22003
1.2018
1.18368
1.16569
1.14782
1.13007
1.11244
1.09493
1.07755
1.06028
1.04313
1.02609
1.00918
0.992378
0.975691
0.959118
0.942656
0.926306
0.910065
0.893932
0.877906
0.861986
0.846171
0.830458
0.814848
0.799338
0.783927
0.768614
0.753397
0.738276
0.723248
0.708313
0.693469
0.678715
0.66405
0.649472
0.63498
0.620573
0.60625
0.592009
0.577849
0.563769
0.549768
0.535844
0.521996
0.508224
0.494524
0.480897
0.467341
0.453855
0.440437
0.428251
0.416225
0.40434
0.392395
0.380379
0.368268
0.356086
0.343842
0.331549
0.319217
0.306851
0.294458
0.282038
0.269596
0.25713
0.244641
0.232127
0.219587
0.206752
0.193767
0.180636
0.167393
0.154052
0.140627
0.127126
0.113556
0.099923
0.0862319
0.0724862
0.0586887
0.0448419
0.030948
0.0170087
0.00302576
6.27219
6.25812
6.24402
6.22988
6.2157
6.20149
6.18726
6.173
6.15872
6.14443
6.13012
6.11581
6.1015
6.0872
6.07291
6.05864
6.0444
6.0302
6.01604
6.00193
5.98789
5.9739
5.95999
5.94616
5.93242
5.91877
5.90522
5.89178
5.87844
5.86522
5.85211
5.83913
5.82627
5.81354
5.80093
5.78846
5.77613
5.76392
5.75186
5.73992
5.72813
5.71646
5.70494
5.69355
5.68229
5.67116
5.66017
5.64931
5.63859
5.62799
5.61752
5.60718
5.59697
5.58689
5.57693
5.5671
5.55739
5.5478
5.53833
5.52897
5.51974
5.51062
5.50162
5.49272
5.48394
5.47526
5.46669
5.45822
5.44986
5.44159
5.43342
5.42535
5.41736
5.40946
5.40165
5.39391
5.38625
5.37866
5.37114
5.36369
5.35629
5.34896
5.34167
5.33444
5.32726
5.32013
5.31303
5.30598
5.29896
5.29197
5.28501
5.27808
5.27118
5.2643
5.25744
5.2506
5.24377
5.23696
5.23016
5.22337
5.21658
5.2098
5.20302
5.19625
5.18947
5.18268
5.17589
5.16909
5.16228
5.15546
5.14862
5.14177
5.1349
5.128
5.12109
5.11415
5.10718
5.10019
5.09316
5.08611
5.07902
5.07189
5.06473
5.05752
5.05028
5.043
5.03567
5.0283
5.02088
5.01342
5.0059
4.99833
4.9907
4.98301
4.97526
4.96745
4.95958
4.95163
4.94361
4.93552
4.92736
4.91911
4.91079
4.90238
4.89388
4.8853
4.87662
4.86786
4.85899
4.85004
4.84098
4.83183
4.82257
4.81322
4.80376
4.7942
4.78454
4.77478
4.76491
4.75494
4.74486
4.73469
4.72441
4.71403
4.70356
4.69299
4.68231
4.67155
4.66069
4.64973
4.63869
4.62755
4.61633
4.60502
4.59363
4.58215
4.57058
4.55894
4.54721
4.53541
4.52352
4.51156
4.49952
4.4874
4.47521
4.46294
4.4506
4.43888
4.4271
4.41523
4.40315
4.39086
4.37837
4.36569
4.35284
4.33984
4.32671
4.31345
4.30008
4.28661
4.27303
4.25936
4.2456
4.23175
4.21713
4.20241
4.18762
4.17288
4.15819
4.14354
4.12891
4.11426
4.09957
4.08484
4.07004
4.05516
4.04021
4.02517
4.01005
3.99485
3.97956
3.96419
3.94873
3.93319
3.91757
3.90186
3.88606
3.87018
3.85422
3.83817
3.82204
3.80583
3.78953
3.77315
3.75669
3.74015
3.72353
3.70683
3.69005
3.67319
3.65625
3.63924
3.62215
3.60498
3.58774
3.57043
3.55304
3.53559
3.51806
3.50046
3.4828
3.46507
3.44727
3.42941
3.41148
3.39349
3.37544
3.35733
3.33916
3.32093
3.30264
3.28429
3.2659
3.24744
3.22894
3.21038
3.19178
3.17312
3.15442
3.13567
3.11687
3.09803
3.07915
3.06023
3.04126
3.02226
3.00322
2.98414
2.96503
2.94588
2.9267
2.90749
2.88825
2.86898
2.84968
2.83035
2.81101
2.79163
2.77224
2.75283
2.73339
2.71394
2.69448
2.675
2.65551
2.63601
2.6165
2.59698
2.57746
2.55793
2.53841
2.51888
2.49935
2.47982
2.46029
2.44076
2.42122
2.40166
2.38209
2.36252
2.34294
2.32335
2.30376
2.28417
2.26458
2.24499
2.2254
2.20582
2.18625
2.16668
2.14713
2.12759
2.10807
2.08855
2.06906
2.04959
2.03013
2.0107
1.99129
1.9719
1.95254
1.9332
1.91389
1.89461
1.87536
1.85614
1.83695
1.8178
1.79868
1.77959
1.76055
1.74154
1.72257
1.70365
1.68477
1.66593
1.64714
1.62839
1.60969
1.59104
1.57244
1.55389
1.53539
1.51695
1.49857
1.48024
1.46198
1.44377
1.42563
1.40755
1.38953
1.37159
1.35371
1.3359
1.31816
1.30049
1.2829
1.26539
1.24795
1.23059
1.2133
1.1961
1.17898
1.16194
1.14498
1.12811
1.11133
1.09463
1.07801
1.06149
1.04505
1.0287
1.01244
0.996278
0.980201
0.964216
0.948323
0.932523
0.916815
0.901199
0.885678
0.870249
0.854914
0.839671
0.824522
0.809465
0.7945
0.779626
0.764841
0.750144
0.735534
0.721009
0.706566
0.692205
0.677926
0.663727
0.649608
0.635568
0.621606
0.607721
0.593913
0.580181
0.566524
0.55294
0.539429
0.52599
0.512622
0.499325
0.486096
0.472936
0.459843
0.446817
0.433856
0.42096
0.408127
0.395357
0.382649
0.370002
0.357415
0.344886
0.332415
0.32
0.307642
0.295338
0.283089
0.270892
0.258747
0.246653
0.23461
0.222616
0.210671
0.198773
0.186923
0.175119
0.163361
0.151649
0.139981
0.128357
0.116777
0.10524
0.0937474
0.0822974
0.0708904
0.0595264
0.0482055
0.0369277
0.0256932
0.0145024
0.00335571
6.27544
6.26438
6.25337
6.24161
6.22994
6.21917
6.20853
6.198
6.1875
6.17703
6.16657
6.15614
6.14574
6.13537
6.12504
6.11475
6.1045
6.09431
6.08418
6.0741
6.06408
6.05412
6.04423
6.03441
6.02465
6.01496
6.00534
5.99578
5.9863
5.97688
5.96753
5.95825
5.94904
5.9399
5.93084
5.92184
5.91291
5.90406
5.89528
5.88657
5.87794
5.86937
5.86088
5.85247
5.84412
5.83585
5.82765
5.81952
5.81146
5.80347
5.79555
5.7877
5.77992
5.77221
5.76456
5.75698
5.74947
5.74201
5.73462
5.72729
5.72002
5.71281
5.70566
5.69857
5.69153
5.68454
5.67761
5.67073
5.66389
5.65711
5.65037
5.64369
5.63704
5.63044
5.62388
5.61736
5.61088
5.60444
5.59804
5.59167
5.58534
5.57903
5.57276
5.56652
5.5603
5.55411
5.54794
5.54179
5.53566
5.52956
5.52346
5.51739
5.51132
5.50526
5.49922
5.49318
5.48714
5.4811
5.47507
5.46903
5.46299
5.45694
5.45088
5.44482
5.43873
5.43264
5.42652
5.42038
5.41423
5.40804
5.40183
5.39559
5.38931
5.383
5.37665
5.37026
5.36383
5.35736
5.35084
5.34427
5.33765
5.33097
5.32424
5.31746
5.31061
5.3037
5.29673
5.28969
5.28259
5.27541
5.26817
5.26085
5.25345
5.24598
5.23842
5.23079
5.22307
5.21527
5.20738
5.1994
5.19133
5.18317
5.17491
5.16656
5.15812
5.14957
5.14093
5.13218
5.12333
5.11438
5.10532
5.09615
5.08687
5.07748
5.06799
5.05838
5.04865
5.03882
5.02886
5.01879
5.0086
4.9983
4.98787
4.97733
4.96666
4.95587
4.94496
4.93392
4.92276
4.91148
4.90007
4.88854
4.87688
4.86509
4.85319
4.84115
4.82899
4.81671
4.80429
4.79175
4.77908
4.76629
4.75337
4.74032
4.72714
4.71384
4.70042
4.68686
4.67319
4.65939
4.64547
4.63142
4.61726
4.60298
4.58857
4.57405
4.55941
4.54465
4.52978
4.51479
4.49969
4.48447
4.46915
4.45371
4.43816
4.42251
4.40675
4.39088
4.3749
4.35882
4.34264
4.32635
4.30997
4.29348
4.27689
4.26021
4.24343
4.22655
4.20958
4.19252
4.17536
4.15811
4.14078
4.12335
4.10584
4.08824
4.07055
4.05278
4.03493
4.01699
3.99897
3.98088
3.9627
3.94445
3.92612
3.90772
3.88924
3.87069
3.85206
3.83337
3.81461
3.79579
3.7769
3.75796
3.73895
3.71989
3.70078
3.68162
3.66241
3.64318
3.6239
3.6046
3.58526
3.5659
3.5465
3.52708
3.50763
3.48816
3.46866
3.44914
3.4296
3.41004
3.39047
3.37088
3.35127
3.33166
3.31204
3.2924
3.27276
3.25312
3.23347
3.21381
3.19416
3.17451
3.15485
3.13521
3.11556
3.09592
3.07629
3.05667
3.03706
3.01746
2.99787
2.97829
2.95873
2.93919
2.91966
2.90015
2.88066
2.8612
2.84175
2.82232
2.80292
2.78355
2.76419
2.74487
2.72557
2.7063
2.68706
2.66784
2.64866
2.62951
2.61038
2.59129
2.57223
2.5532
2.5342
2.51524
2.49631
2.47741
2.45855
2.43972
2.42093
2.40217
2.38344
2.36475
2.34608
2.32745
2.30886
2.29029
2.27176
2.25327
2.23481
2.21639
2.198
2.17966
2.16135
2.14308
2.12486
2.10668
2.08853
2.07044
2.05238
2.03437
2.01641
1.99849
1.98062
1.96279
1.94501
1.92728
1.9096
1.89196
1.87438
1.85685
1.83936
1.82193
1.80455
1.78722
1.76995
1.75272
1.73556
1.71844
1.70138
1.68437
1.66742
1.65052
1.63368
1.6169
1.60017
1.5835
1.56688
1.55032
1.53382
1.51738
1.501
1.48467
1.4684
1.4522
1.43605
1.41996
1.40393
1.38796
1.37204
1.35619
1.3404
1.32467
1.30901
1.29341
1.27788
1.26243
1.24704
1.23172
1.21647
1.2013
1.18619
1.17116
1.15619
1.1413
1.12648
1.11173
1.09705
1.08244
1.06791
1.05345
1.03906
1.02475
1.01051
0.99635
0.982263
0.968252
0.954318
0.94046
0.926681
0.91298
0.899357
0.885814
0.872351
0.858968
0.845667
0.832447
0.81931
0.806255
0.793283
0.780396
0.767593
0.754875
0.742243
0.729698
0.71724
0.70487
0.692589
0.680398
0.668298
0.65629
0.644375
0.632555
0.62083
0.6092
0.597665
0.586228
0.574889
0.563651
0.552516
0.541484
0.530557
0.519736
0.509022
0.498416
0.487919
0.477529
0.467248
0.457075
0.447011
0.437055
0.427207
0.417467
0.407833
0.398307
0.388888
0.379574
0.370365
0.361262
0.352262
0.343366
0.334572
0.325879
0.317286
0.308794
0.300399
0.292102
0.2839
0.275794
0.267781
0.259861
0.252032
0.244292
0.236642
0.229079
0.221602
0.214211
0.206903
0.199677
0.192533
0.185468
0.178483
0.171574
0.164742
0.157985
0.151302
0.144691
0.138152
0.131683
0.125283
0.11895
0.112685
0.106484
0.100348
0.0942755
0.0882645
0.0823143
0.0764237
0.0705916
0.0648169
0.0590983
0.0534347
0.047825
0.042268
0.0367627
0.0313078
0.0259023
0.0205449
0.0152345
0.00996981
0.00474943
6.28276
6.27762
6.27253
6.26665
6.26088
6.25599
6.25122
6.24656
6.24191
6.23725
6.23259
6.22793
6.22326
6.21859
6.21393
6.20927
6.20462
6.19998
6.19535
6.19073
6.18611
6.18151
6.17691
6.17232
6.16773
6.16315
6.15858
6.154
6.14943
6.14486
6.14028
6.1357
6.13112
6.12652
6.12192
6.11731
6.11268
6.10804
6.10338
6.09871
6.09401
6.08929
6.08455
6.07979
6.075
6.07018
6.06532
6.06044
6.05552
6.05057
6.04558
6.04054
6.03547
6.03035
6.02519
6.01998
6.01472
6.00942
6.00406
5.99864
5.99317
5.98764
5.98205
5.9764
5.97069
5.96491
5.95906
5.95315
5.94716
5.94111
5.93498
5.92877
5.92249
5.91613
5.90971
5.90321
5.89664
5.89001
5.88329
5.87651
5.86966
5.86273
5.85572
5.84864
5.84148
5.83424
5.82693
5.81953
5.81204
5.80447
5.79682
5.78908
5.78124
5.77332
5.76531
5.7572
5.749
5.7407
5.73231
5.72382
5.71523
5.70654
5.69775
5.68886
5.67986
5.67077
5.66156
5.65226
5.64284
5.63333
5.6237
5.61397
5.60412
5.59417
5.58411
5.57395
5.56367
5.55328
5.54278
5.53217
5.52145
5.51062
5.49968
5.48863
5.47746
5.46619
5.4548
5.44331
5.4317
5.41999
5.40816
5.39623
5.38419
5.37204
5.35978
5.34741
5.33494
5.32236
5.30968
5.29689
5.284
5.27101
5.25791
5.24472
5.23142
5.21802
5.20453
5.19094
5.17726
5.16348
5.14961
5.13565
5.12159
5.10745
5.09322
5.0789
5.0645
5.05002
5.03544
5.02079
5.00606
4.99124
4.97634
4.96136
4.9463
4.93116
4.91594
4.90063
4.88523
4.86976
4.8542
4.83856
4.82283
4.80703
4.79115
4.77518
4.75913
4.743
4.72678
4.71048
4.69411
4.67764
4.6611
4.64447
4.62776
4.61097
4.5941
4.57715
4.56012
4.54301
4.52581
4.50854
4.4912
4.47377
4.45627
4.43869
4.42104
4.40331
4.38551
4.36764
4.3497
4.33168
4.3136
4.29545
4.27723
4.25894
4.24059
4.22217
4.20368
4.18513
4.16652
4.14784
4.12909
4.11028
4.09141
4.07247
4.05347
4.03441
4.01528
3.99609
3.97684
3.95753
3.93816
3.91873
3.89923
3.87968
3.86007
3.8404
3.82068
3.8009
3.78108
3.7612
3.74127
3.72129
3.70127
3.6812
3.6611
3.64096
3.62079
3.60058
3.58035
3.56008
3.53979
3.51947
3.49912
3.47875
3.45836
3.43794
3.4175
3.39705
3.37657
3.35608
3.33557
3.31505
3.29451
3.27396
3.25341
3.23284
3.21227
3.19169
3.1711
3.15051
3.12992
3.10933
3.08873
3.06814
3.04755
3.02696
3.00638
2.9858
2.96523
2.94467
2.92414
2.90363
2.88314
2.86268
2.84224
2.82183
2.80143
2.78107
2.76072
2.7404
2.72011
2.69984
2.6796
2.65939
2.63921
2.61905
2.59892
2.57883
2.55876
2.53872
2.51872
2.49875
2.47881
2.45891
2.43904
2.41921
2.39942
2.37965
2.35993
2.34024
2.32058
2.30096
2.28137
2.26182
2.24231
2.22284
2.20342
2.18403
2.16469
2.14539
2.12614
2.10694
2.08778
2.06868
2.04962
2.03062
2.01167
1.99278
1.97394
1.95515
1.93643
1.91776
1.89915
1.88061
1.86212
1.8437
1.82534
1.80705
1.78883
1.77068
1.75259
1.73457
1.71663
1.69876
1.68096
1.66324
1.64559
1.62802
1.61052
1.59311
1.57577
1.55852
1.54134
1.52425
1.50724
1.49032
1.47348
1.45672
1.44006
1.42347
1.40698
1.39057
1.37426
1.35803
1.34189
1.32584
1.30989
1.29404
1.27828
1.26262
1.24706
1.23159
1.21622
1.20095
1.18577
1.17069
1.15571
1.14082
1.12602
1.11133
1.09672
1.08222
1.0678
1.05349
1.03926
1.02513
1.0111
0.997157
0.983309
0.969554
0.955892
0.942323
0.928845
0.915459
0.902163
0.888959
0.875844
0.862819
0.849883
0.837035
0.824276
0.811604
0.799019
0.78652
0.774108
0.76178
0.749537
0.737378
0.725303
0.71331
0.7014
0.689572
0.677825
0.666158
0.654572
0.643065
0.631638
0.620289
0.609018
0.597825
0.586709
0.57567
0.564707
0.55382
0.543008
0.532272
0.521611
0.511024
0.500512
0.490073
0.479708
0.469417
0.459199
0.449055
0.438983
0.428984
0.419058
0.409204
0.399423
0.389714
0.380078
0.370515
0.361023
0.351604
0.342258
0.332983
0.323782
0.314652
0.305594
0.296608
0.287693
0.278849
0.270078
0.261377
0.252745
0.24418
0.23568
0.227244
0.21887
0.210557
0.202304
0.19411
0.185975
0.177898
0.169879
0.161917
0.154011
0.146161
0.138368
0.13063
0.122947
0.115319
0.107745
0.100226
0.0927607
0.0853486
0.0779895
0.0706828
0.0634282
0.0562251
0.0490729
0.0419709
0.0349184
0.0279148
0.0209593
0.0140511
0.00718924
0.00037296
6.27679
6.27006
6.26337
6.25583
6.2484
6.24202
6.23577
6.22965
6.22351
6.21736
6.21119
6.20499
6.19879
6.19258
6.18637
6.18017
6.17398
6.1678
6.16164
6.15549
6.14936
6.14324
6.13713
6.13104
6.12496
6.1189
6.11284
6.10679
6.10075
6.09471
6.08868
6.08264
6.07661
6.07057
6.06453
6.05848
6.05241
6.04633
6.04022
6.0341
6.02795
6.02177
6.01556
6.00931
6.00304
5.99673
5.99038
5.98399
5.97757
5.97109
5.96458
5.95802
5.95141
5.94474
5.93803
5.93127
5.92444
5.91757
5.91063
5.90363
5.89657
5.88944
5.88225
5.87499
5.86766
5.86025
5.85278
5.84523
5.8376
5.8299
5.82212
5.81425
5.8063
5.79827
5.79016
5.78195
5.77366
5.76529
5.75682
5.74826
5.7396
5.73086
5.72201
5.71308
5.70404
5.69491
5.68568
5.67635
5.66691
5.65738
5.64774
5.638
5.62815
5.6182
5.60814
5.59797
5.58769
5.57731
5.56682
5.55621
5.5455
5.53467
5.52374
5.51269
5.50152
5.49025
5.47886
5.46735
5.45573
5.444
5.43215
5.42019
5.40811
5.39592
5.38362
5.3712
5.35867
5.34603
5.33329
5.32043
5.30747
5.29441
5.28124
5.26798
5.25461
5.24115
5.22759
5.21393
5.20018
5.18633
5.17239
5.15835
5.14422
5.13001
5.1157
5.1013
5.08682
5.07225
5.05759
5.04285
5.02802
5.0131
4.99811
4.98303
4.96787
4.95263
4.93731
4.92191
4.90642
4.89087
4.87523
4.85951
4.84372
4.82786
4.81191
4.7959
4.77981
4.76365
4.74742
4.73111
4.71474
4.69829
4.68178
4.6652
4.64856
4.63184
4.61507
4.59822
4.58132
4.56435
4.54732
4.53023
4.51308
4.49588
4.47861
4.46129
4.44391
4.42647
4.40899
4.39144
4.37385
4.3562
4.33851
4.32076
4.30297
4.28512
4.26723
4.2493
4.23132
4.21329
4.19522
4.17711
4.15895
4.14075
4.12252
4.10424
4.08592
4.06757
4.04917
4.03074
4.01227
3.99377
3.97522
3.95665
3.93804
3.9194
3.90072
3.88202
3.86328
3.84452
3.82573
3.8069
3.78805
3.76917
3.75026
3.73132
3.71236
3.69337
3.67436
3.65532
3.63626
3.61718
3.59807
3.57894
3.55979
3.54062
3.52143
3.50222
3.48299
3.46375
3.44449
3.42522
3.40593
3.38663
3.36732
3.34801
3.32868
3.30935
3.29001
3.27067
3.25132
3.23197
3.21262
3.19327
3.17393
3.15458
3.13524
3.1159
3.09657
3.07724
3.05793
3.03862
3.01932
3.00004
2.98076
2.9615
2.94226
2.92303
2.90381
2.88462
2.86544
2.84628
2.82714
2.80802
2.78893
2.76985
2.7508
2.73178
2.71277
2.69379
2.67483
2.65589
2.63695
2.61803
2.59912
2.58023
2.56135
2.54249
2.52364
2.50481
2.486
2.4672
2.44842
2.42966
2.41092
2.39219
2.37348
2.35478
2.33611
2.31746
2.29882
2.28021
2.26162
2.24305
2.2245
2.20598
2.18748
2.169
2.15055
2.13212
2.11372
2.09534
2.07699
2.05867
2.04037
2.0221
2.00385
1.98563
1.96744
1.94927
1.93113
1.91302
1.89494
1.87688
1.85885
1.84085
1.82288
1.80493
1.78701
1.76912
1.75126
1.73342
1.71562
1.69784
1.68008
1.66236
1.64466
1.62699
1.60935
1.59174
1.57415
1.5566
1.53907
1.52156
1.50409
1.48664
1.46922
1.45183
1.43447
1.41714
1.39983
1.38256
1.36531
1.34809
1.3309
1.31375
1.29663
1.27954
1.26249
1.24548
1.2285
1.21157
1.19467
1.17782
1.16101
1.14425
1.12753
1.11086
1.09425
1.07768
1.06116
1.0447
1.02829
1.01194
0.995642
0.979405
0.963227
0.947111
0.931056
0.915065
0.899138
0.883276
0.867481
0.851754
0.836095
0.820506
0.804988
0.789542
0.774168
0.758868
0.743642
0.728491
0.713415
0.698417
0.683495
0.668651
0.653886
0.639199
0.624592
0.610065
0.595618
0.581251
0.566966
0.552761
0.538638
0.524597
0.510637
0.496759
0.482963
0.469249
0.455617
0.442067
0.428599
0.415215
0.401915
0.388701
0.375571
0.362526
0.349563
0.336685
0.323895
0.311195
0.298586
0.286069
0.273646
0.261317
0.249082
0.23694
0.224892
0.212938
0.201077
0.18931
0.177634
0.166052
0.154561
0.143161
0.131853
0.120635
0.109507
0.0984686
0.0875193
0.0766584
0.0658854
0.0551997
0.0446006
0.0340875
0.0236597
0.0133166
0.00305753
6.27607
6.26597
6.25596
6.24513
6.23444
6.2239
6.21444
6.20515
6.196
6.18688
6.17778
6.1687
6.15963
6.1506
6.1416
6.13264
6.12373
6.11487
6.10607
6.09732
6.08862
6.07999
6.07142
6.0629
6.05445
6.04605
6.03771
6.02943
6.02121
6.01304
6.00493
5.99687
5.98887
5.98092
5.97302
5.96516
5.95736
5.9496
5.9419
5.93424
5.92662
5.91906
5.91155
5.90408
5.89667
5.8893
5.88198
5.8747
5.86747
5.86029
5.85315
5.84605
5.839
5.83199
5.82503
5.8181
5.81122
5.80437
5.79757
5.7908
5.78407
5.77738
5.77072
5.7641
5.75752
5.75097
5.74445
5.73796
5.73151
5.72508
5.71869
5.71232
5.70599
5.69968
5.69339
5.68714
5.6809
5.67469
5.6685
5.66234
5.65619
5.65007
5.64396
5.63787
5.6318
5.62574
5.6197
5.61367
5.60765
5.60164
5.59564
5.58966
5.58367
5.5777
5.57173
5.56576
5.5598
5.55383
5.54787
5.54191
5.53594
5.52997
5.52399
5.51801
5.51202
5.50602
5.50001
5.49399
5.48795
5.4819
5.47583
5.46975
5.46364
5.45752
5.45137
5.44521
5.43901
5.43279
5.42655
5.42028
5.41398
5.40765
5.40129
5.3949
5.38848
5.38203
5.37555
5.36904
5.36249
5.35592
5.34932
5.34269
5.33604
5.32935
5.32263
5.31588
5.3091
5.30229
5.29545
5.28857
5.28166
5.27472
5.26774
5.26072
5.25367
5.24658
5.23946
5.23229
5.22508
5.21782
5.21053
5.20318
5.19579
5.18835
5.18086
5.17331
5.16572
5.15806
5.15035
5.14259
5.13476
5.12687
5.11893
5.11091
5.10284
5.09469
5.08648
5.0782
5.06985
5.06143
5.05294
5.04437
5.03572
5.027
5.0182
5.00932
5.00036
4.99132
4.98219
4.97298
4.96368
4.9543
4.94483
4.93526
4.92561
4.91586
4.90602
4.89608
4.88605
4.87592
4.86569
4.85536
4.84493
4.8344
4.82376
4.81302
4.80218
4.79123
4.78017
4.769
4.75772
4.74633
4.73483
4.72322
4.7115
4.69966
4.6877
4.67563
4.66344
4.65114
4.63871
4.62617
4.6135
4.60072
4.58782
4.57479
4.56164
4.54837
4.53497
4.52146
4.50782
4.49406
4.48018
4.46619
4.45207
4.43784
4.42348
4.40901
4.39442
4.37972
4.3649
4.34996
4.3349
4.31974
4.30446
4.28906
4.27356
4.25794
4.24222
4.22638
4.21044
4.1944
4.17824
4.16199
4.14563
4.12917
4.11261
4.09595
4.07919
4.06234
4.04539
4.02835
4.01121
3.99399
3.97668
3.95928
3.9418
3.92423
3.90658
3.88885
3.87104
3.85315
3.83519
3.81715
3.79904
3.78087
3.76262
3.74431
3.72594
3.70751
3.68901
3.67045
3.65184
3.63317
3.61445
3.59567
3.57685
3.55798
3.53907
3.52011
3.50111
3.48206
3.46298
3.44386
3.4247
3.4055
3.38627
3.367
3.3477
3.32837
3.309
3.2896
3.27017
3.25072
3.23123
3.21172
3.19218
3.17261
3.15302
3.1334
3.11376
3.0941
3.07442
3.05471
3.03498
3.01524
2.99547
2.97569
2.95589
2.93607
2.91623
2.89638
2.87651
2.85663
2.83674
2.81683
2.79691
2.77698
2.75704
2.73709
2.71713
2.69716
2.67719
2.6572
2.63721
2.61722
2.59722
2.57722
2.55721
2.53721
2.5172
2.4972
2.47722
2.45725
2.4373
2.41737
2.39746
2.37757
2.3577
2.33786
2.31804
2.29824
2.27846
2.25871
2.23898
2.21928
2.19961
2.17996
2.16034
2.14075
2.1212
2.10167
2.08218
2.06272
2.04329
2.0239
2.00454
1.98522
1.96594
1.9467
1.9275
1.90834
1.88922
1.87014
1.85111
1.83212
1.81317
1.79427
1.77542
1.75661
1.73785
1.71914
1.70047
1.68186
1.66329
1.64478
1.62632
1.60791
1.58956
1.57127
1.55303
1.53485
1.51673
1.49867
1.48068
1.46274
1.44487
1.42707
1.40933
1.39166
1.37406
1.35653
1.33907
1.32168
1.30436
1.28712
1.26995
1.25285
1.23583
1.21889
1.20202
1.18523
1.16852
1.15189
1.13534
1.11887
1.10248
1.08617
1.06994
1.0538
1.03774
1.02176
1.00586
0.990049
0.974319
0.958673
0.943111
0.927633
0.912238
0.896927
0.881699
0.866555
0.851494
0.836516
0.821621
0.806808
0.792076
0.777427
0.762858
0.748371
0.733963
0.719635
0.705385
0.691214
0.67712
0.663102
0.64916
0.635292
0.621496
0.607771
0.594116
0.580529
0.567008
0.553552
0.540162
0.526836
0.513573
0.500371
0.487228
0.474141
0.461108
0.448129
0.435201
0.422325
0.409498
0.39672
0.383991
0.371309
0.358676
0.346089
0.33355
0.321057
0.308611
0.296211
0.283857
0.27155
0.259288
0.247072
0.234902
0.222778
0.210699
0.198667
0.186681
0.174741
0.162848
0.151001
0.139201
0.127448
0.115743
0.104085
0.0924744
0.0809123
0.0693987
0.057934
0.0465185
0.0351525
0.0238366
0.0125711
0.00135642
6.27338
6.26227
6.25121
6.23931
6.22752
6.21674
6.20611
6.19562
6.18516
6.1747
6.16426
6.15383
6.14343
6.13305
6.1227
6.11239
6.10212
6.09191
6.08174
6.07162
6.06156
6.05155
6.0416
6.03171
6.02188
6.0121
6.00238
5.99273
5.98314
5.97362
5.96416
5.95477
5.94546
5.93621
5.92704
5.91794
5.90891
5.89995
5.89106
5.88224
5.87349
5.86481
5.8562
5.84766
5.83919
5.83079
5.82246
5.8142
5.806
5.79787
5.78981
5.78181
5.77388
5.76601
5.75821
5.75047
5.74279
5.73518
5.72763
5.72013
5.71271
5.70534
5.69802
5.69077
5.68358
5.67644
5.66936
5.66233
5.65536
5.64845
5.64159
5.63478
5.62802
5.62131
5.61466
5.60805
5.6015
5.59499
5.58853
5.58212
5.57575
5.56943
5.56316
5.55693
5.55073
5.54459
5.53848
5.53241
5.52637
5.52038
5.51442
5.50849
5.5026
5.49673
5.4909
5.4851
5.47932
5.47357
5.46785
5.46214
5.45646
5.4508
5.44516
5.43953
5.43392
5.42833
5.42275
5.41717
5.41161
5.40606
5.40051
5.39497
5.38943
5.38389
5.37835
5.37281
5.36727
5.36173
5.35618
5.35062
5.34506
5.33948
5.3339
5.3283
5.3227
5.31707
5.31143
5.30578
5.30011
5.29442
5.2887
5.28297
5.27721
5.27143
5.26562
5.25979
5.25392
5.24803
5.24211
5.23615
5.23016
5.22414
5.21808
5.21198
5.20584
5.19966
5.19344
5.18717
5.18086
5.1745
5.1681
5.16165
5.15515
5.14859
5.14198
5.13532
5.12861
5.12183
5.115
5.1081
5.10114
5.09412
5.08704
5.07988
5.07266
5.06537
5.058
5.05056
5.04303
5.03543
5.02774
5.01996
5.0121
5.00415
4.99611
4.98798
4.97976
4.97145
4.96304
4.95453
4.94593
4.93723
4.92843
4.91953
4.91053
4.90143
4.89223
4.88293
4.87352
4.864
4.85438
4.84466
4.83483
4.82489
4.81484
4.80468
4.79441
4.78403
4.77354
4.76294
4.75222
4.7414
4.73045
4.7194
4.70823
4.69694
4.68554
4.67402
4.66238
4.65063
4.63876
4.62677
4.61466
4.60244
4.59009
4.57762
4.56504
4.55233
4.53951
4.52656
4.5135
4.50031
4.487
4.47357
4.46002
4.44635
4.43256
4.41865
4.40461
4.39046
4.37619
4.36179
4.34728
4.33264
4.31789
4.30302
4.28804
4.27295
4.25774
4.24242
4.227
4.21146
4.19581
4.18006
4.1642
4.14823
4.13215
4.11597
4.09969
4.0833
4.06681
4.05022
4.03353
4.01674
3.99986
3.98287
3.9658
3.94863
3.93136
3.91401
3.89657
3.87904
3.86142
3.84372
3.82594
3.80807
3.79013
3.7721
3.754
3.73583
3.71758
3.69927
3.68088
3.66242
3.6439
3.62532
3.60667
3.58796
3.56919
3.55037
3.53148
3.51255
3.49356
3.47452
3.45543
3.43629
3.41711
3.39788
3.37861
3.35929
3.33994
3.32054
3.30111
3.28164
3.26214
3.2426
3.22303
3.20343
3.18381
3.16415
3.14447
3.12476
3.10503
3.08527
3.0655
3.0457
3.02589
3.00606
2.98621
2.96635
2.94647
2.92658
2.90667
2.88676
2.86683
2.8469
2.82696
2.80701
2.78706
2.7671
2.74714
2.72717
2.70721
2.68724
2.66727
2.64731
2.62734
2.60738
2.58742
2.56747
2.54752
2.52758
2.50765
2.48773
2.46781
2.44791
2.42802
2.40814
2.38828
2.36843
2.3486
2.32878
2.30897
2.28918
2.26941
2.24965
2.22991
2.21018
2.19047
2.17078
2.15111
2.13146
2.11182
2.0922
2.07261
2.05303
2.03347
2.01393
1.99441
1.97491
1.95543
1.93597
1.91652
1.8971
1.8777
1.85831
1.83895
1.8196
1.80028
1.78098
1.7617
1.74245
1.72321
1.704
1.68482
1.66566
1.64652
1.62742
1.60834
1.58928
1.57026
1.55126
1.5323
1.51336
1.49446
1.47559
1.45675
1.43794
1.41917
1.40043
1.38173
1.36306
1.34443
1.32584
1.30728
1.28877
1.27029
1.25185
1.23345
1.2151
1.19679
1.17852
1.16029
1.14211
1.12397
1.10588
1.08784
1.06984
1.05189
1.03399
1.01614
0.998333
0.980581
0.96288
0.94523
0.927633
0.910089
0.892599
0.875163
0.857781
0.840455
0.823184
0.805969
0.788811
0.77171
0.754666
0.737679
0.720751
0.703881
0.68707
0.670319
0.653628
0.636998
0.620429
0.603923
0.587479
0.571099
0.554783
0.538531
0.522345
0.506225
0.490171
0.474184
0.458264
0.442413
0.426631
0.410919
0.395278
0.379707
0.364209
0.348784
0.333432
0.318156
0.302955
0.28783
0.272783
0.257814
0.242925
0.228116
0.213388
0.198742
0.184179
0.1697
0.155307
0.140999
0.126778
0.112646
0.0986023
0.0846487
0.0707862
0.0570155
0.0433378
0.029754
0.016265
0.0028718
6.27276
6.25956
6.24646
6.23247
6.21864
6.205
6.19254
6.18029
6.16823
6.15621
6.14424
6.1323
6.12041
6.10857
6.0968
6.08511
6.07351
6.062
6.05058
6.03927
6.02806
6.01696
6.00597
5.99509
5.98432
5.97367
5.96312
5.95269
5.94237
5.93217
5.92209
5.91212
5.90227
5.89253
5.88292
5.87342
5.86404
5.85478
5.84564
5.83662
5.82771
5.81891
5.81023
5.80166
5.79321
5.78487
5.77664
5.76853
5.76052
5.75262
5.74483
5.73715
5.72957
5.7221
5.71474
5.70748
5.70032
5.69327
5.68631
5.67946
5.6727
5.66604
5.65948
5.65302
5.64664
5.64036
5.63418
5.62808
5.62206
5.61614
5.61029
5.60453
5.59885
5.59325
5.58773
5.58227
5.5769
5.57159
5.56635
5.56118
5.55608
5.55104
5.54606
5.54113
5.53627
5.53145
5.52669
5.52198
5.51732
5.5127
5.50812
5.50359
5.4991
5.49464
5.49022
5.48584
5.48149
5.47718
5.47289
5.46864
5.46441
5.46021
5.45604
5.45189
5.44776
5.44366
5.43958
5.43551
5.43147
5.42744
5.42343
5.41943
5.41544
5.41147
5.4075
5.40354
5.39958
5.39563
5.39168
5.38773
5.38378
5.37982
5.37586
5.37189
5.36791
5.36392
5.35991
5.35589
5.35185
5.3478
5.34372
5.33962
5.33549
5.33134
5.32716
5.32295
5.31871
5.31444
5.31013
5.30579
5.3014
5.29698
5.29252
5.28801
5.28346
5.27886
5.27422
5.26953
5.26478
5.25999
5.25514
5.25023
5.24527
5.24025
5.23517
5.23002
5.22482
5.21955
5.21421
5.20881
5.20334
5.1978
5.19218
5.18649
5.18073
5.17489
5.16898
5.16298
5.1569
5.15074
5.1445
5.13817
5.13176
5.12525
5.11866
5.11197
5.1052
5.09832
5.09135
5.08428
5.07712
5.06985
5.06248
5.055
5.04742
5.03974
5.03194
5.02404
5.01603
5.00791
4.99968
4.99134
4.98288
4.97431
4.96562
4.95682
4.9479
4.93886
4.92971
4.92044
4.91105
4.90153
4.8919
4.88214
4.87227
4.86227
4.85214
4.8419
4.83153
4.82103
4.81041
4.79967
4.7888
4.7778
4.76668
4.75543
4.74405
4.73255
4.72092
4.70917
4.69729
4.68528
4.67314
4.66088
4.64849
4.63598
4.62333
4.61057
4.59767
4.58465
4.57151
4.55824
4.54485
4.53133
4.51769
4.50392
4.49004
4.47603
4.4619
4.44765
4.43328
4.41879
4.40419
4.38946
4.37462
4.35966
4.34459
4.32941
4.31411
4.2987
4.28318
4.26755
4.25181
4.23596
4.22
4.20394
4.18778
4.1715
4.15513
4.13866
4.12208
4.1054
4.08863
4.07176
4.0548
4.03774
4.02058
4.00334
3.986
3.96858
3.95107
3.93348
3.9158
3.89804
3.8802
3.86228
3.84429
3.82622
3.80807
3.78986
3.77157
3.75322
3.7348
3.71632
3.69777
3.67917
3.6605
3.64178
3.62301
3.60418
3.5853
3.56638
3.5474
3.52838
3.50931
3.49021
3.47107
3.45189
3.43268
3.41344
3.39417
3.37487
3.35554
3.33618
3.31681
3.29741
3.27799
3.25856
3.23912
3.21967
3.2002
3.18073
3.16126
3.14178
3.12231
3.10284
3.08337
3.06391
3.04446
3.02502
3.00559
2.98618
2.96678
2.94741
2.92805
2.90872
2.88941
2.87013
2.85088
2.83165
2.81246
2.79329
2.77417
2.75507
2.73602
2.717
2.69802
2.67908
2.66018
2.64133
2.62251
2.60374
2.58502
2.56634
2.54771
2.52912
2.51058
2.49209
2.47364
2.45524
2.43689
2.41859
2.40033
2.38211
2.36393
2.34579
2.32768
2.30959
2.29152
2.27348
2.25546
2.23747
2.21949
2.20154
2.18361
2.1657
2.14782
2.12995
2.1121
2.09427
2.07646
2.05867
2.0409
2.02314
2.0054
1.98767
1.96996
1.95226
1.93457
1.91689
1.89922
1.88156
1.8639
1.84626
1.82862
1.81099
1.79336
1.77574
1.75811
1.74049
1.72286
1.70524
1.68762
1.66999
1.65237
1.63474
1.61711
1.59948
1.58184
1.56421
1.54657
1.52893
1.51129
1.49364
1.476
1.45835
1.4407
1.42304
1.40539
1.38773
1.37007
1.35241
1.33475
1.31709
1.29943
1.28177
1.26412
1.24646
1.22881
1.21116
1.19352
1.17588
1.15825
1.14063
1.12301
1.10541
1.08781
1.07023
1.05267
1.03512
1.01758
1.00006
0.982566
0.965089
0.947636
0.930207
0.912805
0.89543
0.878084
0.860769
0.843487
0.82624
0.809029
0.791856
0.774723
0.757633
0.740586
0.723586
0.706635
0.689736
0.672892
0.656104
0.639373
0.622701
0.60609
0.589543
0.573062
0.556646
0.540297
0.524014
0.507799
0.49165
0.475569
0.459557
0.443615
0.427743
0.411944
0.396218
0.380566
0.36499
0.349491
0.334069
0.318727
0.303464
0.288282
0.273183
0.258165
0.243231
0.228382
0.213617
0.198938
0.184346
0.16984
0.155421
0.141091
0.126849
0.112695
0.0986303
0.0846549
0.070769
0.0569729
0.0432666
0.0296502
0.0161239
0.0026875
6.27253
6.25927
6.2461
6.2319
6.21788
6.20405
6.19156
6.17929
6.1672
6.15512
6.14303
6.13092
6.11882
6.10675
6.0947
6.08271
6.07078
6.05892
6.04713
6.03542
6.02379
6.01223
6.00075
5.98936
5.97804
5.96679
5.95563
5.94453
5.93351
5.92257
5.91169
5.90088
5.89014
5.87946
5.86886
5.85831
5.84783
5.83741
5.82705
5.81676
5.80651
5.79633
5.7862
5.77612
5.7661
5.75613
5.74621
5.73634
5.72652
5.71674
5.70701
5.69732
5.68767
5.67807
5.66851
5.65899
5.6495
5.64006
5.63065
5.62127
5.61193
5.60262
5.59334
5.5841
5.57488
5.56569
5.55653
5.5474
5.5383
5.52922
5.52016
5.51113
5.50212
5.49313
5.48417
5.47522
5.4663
5.4574
5.44852
5.43965
5.43081
5.42198
5.41317
5.40437
5.3956
5.38684
5.37809
5.36936
5.36065
5.35196
5.34328
5.33462
5.32597
5.31734
5.30873
5.30014
5.29156
5.283
5.27446
5.26593
5.25742
5.24894
5.24047
5.23201
5.22358
5.21517
5.20677
5.19839
5.19004
5.1817
5.17338
5.16508
5.15679
5.14853
5.14029
5.13206
5.12386
5.11567
5.10751
5.09936
5.09123
5.08313
5.07504
5.06697
5.05892
5.05089
5.04288
5.03489
5.02692
5.01897
5.01104
5.00313
4.99524
4.98737
4.97951
4.97168
4.96387
4.95608
4.94831
4.94055
4.93281
4.9251
4.9174
4.90971
4.90205
4.8944
4.88677
4.87916
4.87156
4.86398
4.85641
4.84886
4.84132
4.8338
4.82629
4.81879
4.81131
4.80383
4.79637
4.78891
4.78146
4.77402
4.76658
4.75915
4.75172
4.74429
4.73686
4.72942
4.72199
4.71454
4.70709
4.69963
4.69216
4.68467
4.67717
4.66965
4.66212
4.65456
4.64698
4.63937
4.63174
4.62408
4.61639
4.60867
4.60092
4.59312
4.5853
4.57743
4.56951
4.56156
4.55356
4.54551
4.53742
4.52927
4.52107
4.51281
4.5045
4.49612
4.48769
4.4792
4.47064
4.46201
4.45331
4.44455
4.43571
4.4268
4.41782
4.40875
4.39961
4.39038
4.38108
4.37168
4.3622
4.35264
4.34298
4.33323
4.32339
4.31345
4.30341
4.29328
4.28305
4.27271
4.26228
4.25174
4.2411
4.23035
4.21949
4.20852
4.19744
4.18626
4.17495
4.16354
4.15201
4.14036
4.12859
4.11671
4.10471
4.09259
4.08035
4.06799
4.05551
4.04292
4.0302
4.01736
4.0044
3.99132
3.97812
3.96481
3.95137
3.93783
3.92416
3.91038
3.89649
3.88248
3.86837
3.85414
3.8398
3.82536
3.8108
3.79615
3.78139
3.76652
3.75156
3.7365
3.72133
3.70607
3.69072
3.67527
3.65973
3.6441
3.62838
3.61257
3.59668
3.5807
3.56464
3.5485
3.53228
3.51598
3.4996
3.48315
3.46663
3.45004
3.43337
3.41664
3.39984
3.38298
3.36606
3.34907
3.33203
3.31492
3.29776
3.28055
3.26328
3.24596
3.22859
3.21117
3.1937
3.17619
3.15863
3.14103
3.12339
3.10572
3.088
3.07025
3.05246
3.03464
3.01678
2.9989
2.98099
2.96306
2.9451
2.92712
2.90912
2.8911
2.87305
2.85499
2.83691
2.81881
2.80069
2.78256
2.76441
2.74626
2.72809
2.7099
2.69171
2.67352
2.65531
2.6371
2.61888
2.60066
2.58244
2.56422
2.54599
2.52777
2.50955
2.49133
2.47312
2.45491
2.43671
2.41852
2.40034
2.38217
2.36401
2.34586
2.32772
2.3096
2.2915
2.27342
2.25535
2.2373
2.21927
2.20127
2.18329
2.16533
2.1474
2.1295
2.11162
2.09378
2.07596
2.05818
2.04043
2.02271
2.00504
1.98742
1.96983
1.95229
1.93478
1.91732
1.8999
1.88253
1.86522
1.84795
1.83074
1.81358
1.79648
1.77942
1.76241
1.74545
1.72853
1.71166
1.69484
1.67805
1.66131
1.64461
1.62795
1.61132
1.59473
1.57817
1.56165
1.54516
1.5287
1.51226
1.49586
1.47949
1.46314
1.44681
1.43051
1.41423
1.39797
1.38173
1.36551
1.3493
1.33312
1.31694
1.30079
1.28464
1.26851
1.25239
1.23627
1.22017
1.20407
1.18799
1.1719
1.15582
1.13975
1.12367
1.1076
1.09153
1.07545
1.05938
1.0433
1.02722
1.01113
0.995041
0.978945
0.962842
0.946735
0.930623
0.91451
0.898398
0.882287
0.866179
0.850074
0.833973
0.817875
0.801781
0.785692
0.769609
0.753532
0.737461
0.721397
0.70534
0.689292
0.673254
0.657225
0.641207
0.625201
0.609207
0.593228
0.577264
0.561316
0.545385
0.529474
0.513582
0.497712
0.481864
0.46604
0.450243
0.434472
0.418729
0.403017
0.387336
0.371687
0.356073
0.340495
0.324954
0.309452
0.29399
0.27857
0.263193
0.24786
0.232573
0.217333
0.202141
0.187
0.171909
0.15687
0.141886
0.126955
0.112081
0.0972632
0.0825035
0.0678027
0.0531618
0.0385818
0.0240634
0.0096078
6.2784
6.26408
6.24982
6.23452
6.21937
6.20436
6.19062
6.17708
6.16371
6.15034
6.13696
6.12355
6.11013
6.09672
6.08334
6.06999
6.05668
6.04343
6.03024
6.0171
6.00404
5.99103
5.97809
5.96522
5.95241
5.93967
5.927
5.91438
5.90184
5.88936
5.87694
5.86458
5.85229
5.84005
5.82788
5.81577
5.80372
5.79173
5.77979
5.76792
5.7561
5.74434
5.73263
5.72097
5.70938
5.69783
5.68633
5.67489
5.6635
5.65216
5.64086
5.62962
5.61842
5.60727
5.59616
5.5851
5.57408
5.5631
5.55217
5.54128
5.53043
5.51961
5.50884
5.4981
5.48741
5.47674
5.46612
5.45553
5.44497
5.43446
5.42397
5.41353
5.40312
5.39275
5.38242
5.37213
5.36188
5.35167
5.34151
5.33139
5.32131
5.31127
5.30128
5.29133
5.28143
5.27157
5.26175
5.25199
5.24227
5.2326
5.22299
5.21342
5.2039
5.19443
5.18501
5.17564
5.16632
5.15705
5.14783
5.13866
5.12954
5.12046
5.11144
5.10246
5.09353
5.08464
5.0758
5.06701
5.05827
5.04957
5.04091
5.0323
5.02373
5.01521
5.00673
4.99829
4.9899
4.98154
4.97323
4.96495
4.95672
4.94852
4.94037
4.93225
4.92416
4.91612
4.9081
4.90013
4.89218
4.88427
4.87639
4.86854
4.86072
4.85292
4.84516
4.83742
4.82971
4.82201
4.81435
4.8067
4.79907
4.79146
4.78387
4.7763
4.76874
4.76119
4.75365
4.74613
4.73861
4.7311
4.72359
4.71609
4.70859
4.70109
4.69359
4.68609
4.67858
4.67107
4.66355
4.65602
4.64848
4.64093
4.63336
4.62578
4.61818
4.61056
4.60293
4.59527
4.58758
4.57987
4.57214
4.56438
4.55658
4.54875
4.54089
4.533
4.52507
4.5171
4.50909
4.50104
4.49295
4.48481
4.47662
4.46839
4.46011
4.45178
4.44339
4.43495
4.42646
4.4179
4.40929
4.40062
4.39189
4.38309
4.37423
4.36531
4.35631
4.34725
4.33811
4.32891
4.31963
4.31028
4.30085
4.29134
4.28176
4.27209
4.26235
4.25252
4.24261
4.23261
4.22253
4.21236
4.2021
4.19176
4.18132
4.17079
4.16017
4.14946
4.13865
4.12775
4.11675
4.10565
4.09446
4.08317
4.07177
4.06028
4.04869
4.03699
4.0252
4.0133
4.0013
3.98919
3.97698
3.96467
3.95225
3.93973
3.92711
3.91439
3.90157
3.88865
3.87563
3.86252
3.84931
3.836
3.8226
3.80909
3.79549
3.78179
3.768
3.75411
3.74012
3.72604
3.71187
3.6976
3.68324
3.6688
3.65426
3.63963
3.62492
3.61013
3.59525
3.58029
3.56524
3.55012
3.53493
3.51965
3.50431
3.48889
3.4734
3.45784
3.44222
3.42653
3.41078
3.39497
3.37909
3.36316
3.34718
3.33114
3.31505
3.29891
3.28272
3.26648
3.2502
3.23387
3.21751
3.2011
3.18466
3.16818
3.15167
3.13513
3.11855
3.10195
3.08531
3.06865
3.05197
3.03527
3.01854
3.00179
2.98503
2.96825
2.95145
2.93464
2.91782
2.90098
2.88414
2.86728
2.85042
2.83355
2.81668
2.7998
2.78292
2.76604
2.74915
2.73227
2.71539
2.6985
2.68163
2.66475
2.64788
2.63102
2.61416
2.59731
2.58047
2.56363
2.54681
2.52999
2.51318
2.49639
2.4796
2.46283
2.44607
2.42932
2.41258
2.39585
2.37913
2.36243
2.34573
2.32904
2.31236
2.29568
2.27901
2.26234
2.24568
2.22904
2.21239
2.19575
2.17911
2.16247
2.14583
2.12919
2.11254
2.0959
2.07925
2.0626
2.04595
2.0293
2.01266
1.99601
1.97937
1.96273
1.9461
1.92947
1.91284
1.89623
1.87962
1.86302
1.84642
1.82984
1.81326
1.7967
1.78015
1.76361
1.74708
1.73056
1.71406
1.69758
1.68111
1.66466
1.64822
1.63181
1.61541
1.59903
1.58267
1.56634
1.55003
1.53373
1.51747
1.50123
1.48501
1.46882
1.45266
1.43652
1.42042
1.40434
1.38829
1.37228
1.3563
1.34035
1.32444
1.30856
1.29272
1.27691
1.26115
1.24542
1.22973
1.21408
1.19846
1.18288
1.16732
1.15178
1.13626
1.12077
1.10529
1.08984
1.07441
1.059
1.04362
1.02825
1.01291
0.997589
0.982289
0.96701
0.951751
0.936513
0.921295
0.906096
0.890916
0.875756
0.860613
0.845489
0.830382
0.815292
0.800219
0.785163
0.770123
0.755098
0.740089
0.725096
0.710117
0.695153
0.680203
0.665267
0.650346
0.635438
0.620544
0.605663
0.590796
0.575942
0.561101
0.546274
0.53146
0.516659
0.501871
0.487096
0.472335
0.457587
0.442852
0.428131
0.413424
0.398731
0.384051
0.369386
0.354735
0.340099
0.325478
0.310871
0.29628
0.281705
0.267145
0.2526
0.238072
0.22356
0.209067
0.194593
0.180137
0.165698
0.151277
0.136872
0.122485
0.108115
0.0937638
0.0794304
0.0651159
0.0508208
0.0365456
0.022291
0.0080576
6.27703
6.26284
6.24868
6.23349
6.21839
6.20442
6.19062
6.17695
6.16326
6.14954
6.13579
6.12202
6.10822
6.09442
6.08063
6.06684
6.05308
6.03934
6.02562
6.01194
5.99829
5.98467
5.97108
5.95753
5.94402
5.93054
5.9171
5.9037
5.89034
5.87702
5.86373
5.85049
5.83728
5.82411
5.81098
5.79789
5.78484
5.77183
5.75886
5.74593
5.73304
5.72019
5.70738
5.69461
5.68188
5.66919
5.65653
5.64392
5.63135
5.61881
5.60632
5.59387
5.58147
5.56911
5.5568
5.54455
5.53235
5.5202
5.50811
5.49607
5.48409
5.47216
5.46029
5.44848
5.43672
5.42502
5.41337
5.40178
5.39024
5.37876
5.36734
5.35596
5.34465
5.33338
5.32217
5.31101
5.2999
5.28884
5.27783
5.26688
5.25597
5.24511
5.2343
5.22353
5.21282
5.20215
5.19152
5.18094
5.1704
5.1599
5.14945
5.13904
5.12867
5.11833
5.10804
5.09778
5.08756
5.07738
5.06723
5.05712
5.04703
5.03698
5.02696
5.01697
5.00701
4.99708
4.98717
4.97728
4.96742
4.95758
4.94776
4.93797
4.92819
4.91843
4.90869
4.89896
4.88925
4.87955
4.86987
4.8602
4.85054
4.84089
4.83125
4.82162
4.812
4.80239
4.79278
4.78317
4.77357
4.76397
4.75437
4.74477
4.73518
4.72558
4.71597
4.70637
4.69676
4.68714
4.67752
4.66789
4.65825
4.6486
4.63894
4.62927
4.61959
4.60989
4.60018
4.59045
4.5807
4.57094
4.56115
4.55135
4.54153
4.53168
4.52181
4.51191
4.50199
4.49204
4.48206
4.47206
4.46203
4.45196
4.44186
4.43173
4.42157
4.41137
4.40114
4.39087
4.38056
4.37021
4.35982
4.34939
4.33892
4.32841
4.31786
4.30728
4.29666
4.286
4.27531
4.26458
4.25382
4.24302
4.23218
4.22131
4.2104
4.19945
4.18846
4.17743
4.16636
4.15526
4.14411
4.13293
4.1217
4.11044
4.09913
4.08778
4.07639
4.06496
4.05348
4.04197
4.03041
4.01881
4.00717
3.99548
3.98375
3.97198
3.96016
3.9483
3.9364
3.92445
3.91246
3.90043
3.88835
3.87622
3.86405
3.85184
3.83958
3.82728
3.81493
3.80254
3.7901
3.77761
3.76507
3.75249
3.73986
3.72718
3.71445
3.70168
3.68885
3.67598
3.66305
3.65008
3.63705
3.62397
3.61083
3.59764
3.5844
3.5711
3.55775
3.54435
3.5309
3.51739
3.50383
3.49022
3.47656
3.46285
3.44909
3.43528
3.42143
3.40753
3.39358
3.37959
3.36555
3.35147
3.33734
3.32317
3.30897
3.29472
3.28043
3.2661
3.25174
3.23734
3.2229
3.20843
3.19392
3.17938
3.16481
3.1502
3.13557
3.12091
3.10622
3.0915
3.07676
3.06199
3.04719
3.03237
3.01753
3.00267
2.98779
2.97289
2.95797
2.94304
2.92808
2.91311
2.89813
2.88314
2.86813
2.85311
2.83808
2.82303
2.80798
2.79293
2.77786
2.76279
2.74772
2.73264
2.71755
2.70247
2.68738
2.6723
2.65722
2.64214
2.62706
2.61199
2.59692
2.58186
2.56681
2.55176
2.53672
2.52168
2.50666
2.49165
2.47664
2.46165
2.44667
2.4317
2.41674
2.4018
2.38686
2.37195
2.35704
2.34215
2.32727
2.31241
2.29756
2.28273
2.26792
2.25311
2.23833
2.22356
2.2088
2.19406
2.17934
2.16463
2.14993
2.13525
2.12059
2.10594
2.09131
2.07669
2.06208
2.04749
2.03291
2.01834
2.00379
1.98925
1.97472
1.9602
1.94569
1.9312
1.91671
1.90223
1.88777
1.87331
1.85886
1.84441
1.82997
1.81554
1.80111
1.78668
1.77226
1.75785
1.74343
1.72903
1.71462
1.70021
1.6858
1.67139
1.65698
1.64257
1.62816
1.61375
1.59934
1.58493
1.57052
1.55611
1.54171
1.5273
1.5129
1.49851
1.48411
1.46972
1.45534
1.44096
1.42659
1.41222
1.39787
1.38352
1.36918
1.35485
1.34053
1.32622
1.31192
1.29764
1.28337
1.26911
1.25487
1.24064
1.22643
1.21224
1.19806
1.1839
1.16976
1.15564
1.14154
1.12746
1.1134
1.09936
1.08535
1.07136
1.05739
1.04345
1.02954
1.01565
1.00178
0.987945
0.974136
0.960354
0.946601
0.932877
0.919182
0.905515
0.891878
0.878268
0.864685
0.851127
0.837593
0.824078
0.810579
0.797091
0.783613
0.770143
0.75668
0.743223
0.729771
0.716323
0.702877
0.689432
0.675989
0.662545
0.649101
0.635656
0.622209
0.60876
0.595308
0.581852
0.568393
0.554931
0.541463
0.527991
0.514513
0.50103
0.48754
0.474044
0.460541
0.447031
0.433513
0.419987
0.406453
0.39291
0.379358
0.365796
0.352224
0.338641
0.325048
0.311444
0.297831
0.284206
0.27057
0.25692
0.243256
0.229577
0.215884
0.202175
0.188452
0.174713
0.16096
0.147192
0.133409
0.119612
0.105801
0.091977
0.0781394
0.0642891
0.0504264
0.0365518
0.0226658
0.00876879
6.27805
6.26413
6.2502
6.23526
6.22036
6.20652
6.19279
6.17915
6.16548
6.15175
6.13796
6.12412
6.11023
6.09631
6.08236
6.06839
6.05441
6.04042
6.02642
6.01241
5.99841
5.9844
5.9704
5.9564
5.9424
5.9284
5.91442
5.90043
5.88646
5.87249
5.85853
5.84457
5.83063
5.81669
5.80276
5.78884
5.77493
5.76104
5.74715
5.73327
5.7194
5.70555
5.69171
5.67788
5.66407
5.65028
5.63651
5.62277
5.60906
5.59538
5.58173
5.56811
5.55453
5.54098
5.52746
5.51398
5.50053
5.48712
5.47374
5.46039
5.44709
5.43381
5.42058
5.40738
5.39421
5.38108
5.36798
5.35491
5.34189
5.32889
5.31593
5.303
5.2901
5.27724
5.26441
5.25161
5.23884
5.2261
5.21339
5.20071
5.18806
5.17543
5.16283
5.15026
5.13771
5.12519
5.11269
5.10022
5.08776
5.07533
5.06293
5.05054
5.03817
5.02583
5.0135
5.00119
4.9889
4.97662
4.96436
4.95211
4.93988
4.92767
4.91546
4.90327
4.89109
4.87892
4.86676
4.8546
4.84246
4.83032
4.81819
4.80606
4.79393
4.78181
4.76969
4.75758
4.74546
4.73334
4.72122
4.7091
4.69697
4.68484
4.67271
4.66057
4.64842
4.63626
4.6241
4.61192
4.59974
4.58754
4.57533
4.56311
4.55087
4.53862
4.52636
4.51407
4.50177
4.48946
4.47712
4.46476
4.45238
4.43999
4.42757
4.41512
4.40266
4.39017
4.37767
4.36516
4.35262
4.34007
4.32751
4.31493
4.30234
4.28973
4.2771
4.26446
4.2518
4.23913
4.22644
4.21373
4.20101
4.18828
4.17553
4.16276
4.14998
4.13719
4.12438
4.11155
4.09872
4.08587
4.073
4.06012
4.04723
4.03433
4.02142
4.00849
3.99555
3.9826
3.96964
3.95667
3.94369
3.9307
3.9177
3.90469
3.89167
3.87864
3.8656
3.85256
3.83951
3.82645
3.81338
3.80031
3.78723
3.77414
3.76104
3.74794
3.73484
3.72172
3.7086
3.69548
3.68235
3.66921
3.65606
3.6429
3.62973
3.61656
3.60338
3.5902
3.577
3.56379
3.55057
3.53734
3.52409
3.51083
3.49756
3.48428
3.47098
3.45768
3.44436
3.43103
3.41768
3.40433
3.39097
3.37759
3.36421
3.35082
3.33742
3.32401
3.31059
3.29717
3.28373
3.2703
3.25685
3.2434
3.22994
3.21648
3.20302
3.18955
3.17607
3.16259
3.14911
3.13562
3.12214
3.10865
3.09516
3.08166
3.06817
3.05467
3.04118
3.02768
3.01419
3.00069
2.9872
2.97371
2.96021
2.94672
2.93323
2.91975
2.90627
2.89279
2.87931
2.86583
2.85236
2.8389
2.82543
2.81198
2.79852
2.78507
2.77163
2.75819
2.74476
2.73133
2.71791
2.7045
2.69109
2.6777
2.66431
2.65093
2.63756
2.6242
2.61084
2.5975
2.58417
2.57085
2.55754
2.54424
2.53095
2.51767
2.5044
2.49115
2.4779
2.46467
2.45145
2.43824
2.42505
2.41187
2.39869
2.38554
2.37239
2.35926
2.34614
2.33303
2.31993
2.30685
2.29378
2.28072
2.26768
2.25465
2.24163
2.22862
2.21562
2.20264
2.18967
2.17671
2.16376
2.15082
2.1379
2.12499
2.11208
2.09919
2.08631
2.07343
2.06057
2.04772
2.03487
2.02204
2.00921
1.99639
1.98358
1.97077
1.95797
1.94518
1.9324
1.91962
1.90684
1.89407
1.8813
1.86853
1.85577
1.84301
1.83025
1.81748
1.80472
1.79196
1.7792
1.76644
1.75367
1.7409
1.72812
1.71533
1.70254
1.68974
1.67693
1.66412
1.6513
1.63848
1.62565
1.61282
1.59998
1.58714
1.5743
1.56145
1.54861
1.53576
1.52291
1.51006
1.49721
1.48436
1.47152
1.45867
1.44583
1.433
1.42017
1.40734
1.39452
1.3817
1.36889
1.35609
1.3433
1.33052
1.31774
1.30497
1.29222
1.27947
1.26674
1.25402
1.24131
1.22861
1.21593
1.20326
1.1906
1.17796
1.16534
1.15273
1.14013
1.12755
1.11499
1.10244
1.08991
1.07739
1.0649
1.05242
1.03996
1.02751
1.01508
1.00267
0.990275
0.977892
0.965521
0.953158
0.940797
0.928433
0.916064
0.903687
0.891302
0.878906
0.866497
0.854075
0.841638
0.829184
0.816713
0.804224
0.791715
0.779186
0.766636
0.754064
0.741469
0.728851
0.716208
0.703541
0.690847
0.678127
0.665379
0.652603
0.639799
0.626964
0.614099
0.601204
0.588276
0.575317
0.562324
0.549298
0.536238
0.523143
0.510014
0.496849
0.483648
0.47041
0.457136
0.443825
0.430477
0.417091
0.403667
0.390204
0.376703
0.363162
0.349581
0.335961
0.322303
0.308606
0.29487
0.281094
0.267277
0.253418
0.239517
0.225575
0.211591
0.197566
0.183499
0.169392
0.155245
0.141058
0.126832
0.112567
0.0982647
0.0839256
0.0695503
0.0551398
0.0406949
0.0262165
0.0117057
6.28035
6.26578
6.25117
6.23554
6.21992
6.20531
6.1908
6.17638
6.1619
6.14735
6.13273
6.11805
6.10331
6.08852
6.07369
6.05883
6.04395
6.02904
6.01411
5.99917
5.98422
5.96926
5.95429
5.93932
5.92433
5.90935
5.89436
5.87938
5.86439
5.8494
5.83442
5.81943
5.80445
5.78948
5.77451
5.75955
5.74459
5.72964
5.7147
5.69977
5.68485
5.66994
5.65504
5.64015
5.62528
5.61044
5.59561
5.58082
5.56606
5.55133
5.53664
5.52198
5.50736
5.49277
5.47822
5.46371
5.44924
5.4348
5.4204
5.40604
5.39172
5.37744
5.3632
5.34899
5.33483
5.3207
5.30661
5.29255
5.27854
5.26456
5.25061
5.23671
5.22284
5.209
5.1952
5.18144
5.16771
5.15401
5.14034
5.1267
5.1131
5.09952
5.08598
5.07246
5.05897
5.04551
5.03207
5.01865
5.00526
4.99189
4.97854
4.96521
4.9519
4.9386
4.92533
4.91207
4.89883
4.8856
4.87239
4.85919
4.846
4.83282
4.81966
4.8065
4.79335
4.78021
4.76707
4.75394
4.74082
4.72769
4.71457
4.70145
4.68833
4.67521
4.66209
4.64897
4.63584
4.62271
4.60957
4.59643
4.58328
4.57012
4.55696
4.54378
4.53059
4.5174
4.50419
4.49096
4.47772
4.46447
4.4512
4.43792
4.42462
4.4113
4.39797
4.38461
4.37124
4.35785
4.34443
4.331
4.31754
4.30406
4.29056
4.27704
4.2635
4.24993
4.23633
4.22272
4.20908
4.19542
4.18174
4.16804
4.15433
4.1406
4.12686
4.11311
4.09935
4.08558
4.0718
4.05801
4.04421
4.03041
4.0166
4.00279
3.98897
3.97514
3.96132
3.94749
3.93366
3.91982
3.90599
3.89216
3.87832
3.86449
3.85067
3.83684
3.82302
3.8092
3.79539
3.78158
3.76778
3.75399
3.7402
3.72643
3.71266
3.69889
3.68514
3.67139
3.65765
3.64392
3.6302
3.61649
3.60278
3.58909
3.5754
3.56172
3.54804
3.53437
3.52071
3.50705
3.4934
3.47976
3.46613
3.4525
3.43889
3.42528
3.41168
3.39809
3.38452
3.37095
3.3574
3.34386
3.33033
3.31681
3.3033
3.28981
3.27634
3.26287
3.24943
3.23599
3.22257
3.20917
3.19578
3.18241
3.16905
3.15571
3.14238
3.12907
3.11578
3.1025
3.08924
3.07599
3.06276
3.04955
3.03636
3.02318
3.01002
2.99687
2.98375
2.97064
2.95754
2.94446
2.9314
2.91835
2.90532
2.89231
2.87931
2.86633
2.85337
2.84042
2.82748
2.81456
2.80166
2.78877
2.7759
2.76304
2.75019
2.73736
2.72455
2.71175
2.69896
2.68619
2.67343
2.66069
2.64796
2.63524
2.62254
2.60985
2.59717
2.58451
2.57186
2.55922
2.54659
2.53398
2.52138
2.50879
2.49621
2.48364
2.47108
2.45853
2.44599
2.43347
2.42095
2.40844
2.39594
2.38345
2.37097
2.3585
2.34604
2.33358
2.32113
2.30869
2.29626
2.28383
2.27141
2.259
2.24659
2.23419
2.22179
2.2094
2.19702
2.18464
2.17226
2.15989
2.14752
2.13516
2.1228
2.11044
2.09808
2.08572
2.07335
2.06099
2.04863
2.03626
2.02389
2.01152
1.99913
1.98674
1.97434
1.96193
1.9495
1.93707
1.92462
1.91217
1.8997
1.88723
1.87475
1.86225
1.84976
1.83725
1.82474
1.81222
1.7997
1.78717
1.77464
1.76211
1.74958
1.73705
1.72453
1.712
1.69947
1.68695
1.67444
1.66193
1.64943
1.63693
1.62444
1.61197
1.5995
1.58704
1.5746
1.56217
1.54975
1.53735
1.52496
1.51259
1.50024
1.4879
1.47558
1.46328
1.451
1.43874
1.42651
1.41429
1.40209
1.38992
1.37777
1.36565
1.35355
1.34147
1.32942
1.31739
1.30539
1.29341
1.28146
1.26954
1.25764
1.24577
1.23392
1.22209
1.21028
1.19848
1.18669
1.17489
1.1631
1.15131
1.13952
1.12772
1.11592
1.10412
1.09231
1.08049
1.06867
1.05684
1.04499
1.03313
1.02126
1.00937
0.997467
0.985544
0.973603
0.961641
0.949656
0.937648
0.925615
0.913555
0.901468
0.889352
0.877205
0.865027
0.852816
0.840572
0.828291
0.815975
0.80362
0.791228
0.778795
0.766321
0.753805
0.741247
0.728645
0.715998
0.703305
0.690565
0.677779
0.664944
0.65206
0.639127
0.626143
0.613108
0.600022
0.586884
0.573694
0.56045
0.547153
0.533802
0.520397
0.506938
0.493424
0.479855
0.466231
0.452552
0.438818
0.425029
0.411185
0.397286
0.383332
0.369323
0.355261
0.341144
0.326974
0.312749
0.298472
0.284142
0.269761
0.255331
0.240851
0.226321
0.211741
0.197112
0.182434
0.167708
0.152934
0.138114
0.123249
0.10834
0.0933881
0.0783948
0.0633615
0.0482898
0.0331811
0.0180371
0.0028594
6.27083
6.25559
6.24033
6.22401
6.2087
6.19337
6.17815
6.1629
6.14761
6.13229
6.11692
6.10153
6.0861
6.07066
6.05519
6.03972
6.02423
6.00874
5.99324
5.97774
5.96225
5.94675
5.93126
5.91578
5.9003
5.88483
5.86937
5.85393
5.8385
5.82308
5.80768
5.79229
5.77693
5.76158
5.74625
5.73094
5.71566
5.70039
5.68515
5.66994
5.65475
5.63958
5.62444
5.60932
5.59424
5.57918
5.56415
5.54915
5.53419
5.51927
5.50439
5.48956
5.47478
5.46005
5.44537
5.43074
5.41616
5.40163
5.38716
5.37274
5.35838
5.34406
5.3298
5.3156
5.30144
5.28734
5.27328
5.25928
5.24533
5.23143
5.21757
5.20377
5.19001
5.1763
5.16263
5.14901
5.13544
5.12191
5.10842
5.09497
5.08156
5.06819
5.05486
5.04157
5.02831
5.01509
5.0019
4.98875
4.97562
4.96253
4.94946
4.93643
4.92342
4.91043
4.89747
4.88453
4.87161
4.85871
4.84583
4.83296
4.82011
4.80728
4.79446
4.78166
4.76886
4.75607
4.74329
4.73052
4.71775
4.70499
4.69223
4.67947
4.66671
4.65395
4.64119
4.62843
4.61566
4.60289
4.59011
4.57733
4.56454
4.55173
4.53892
4.5261
4.51326
4.50041
4.48755
4.47468
4.46179
4.44888
4.43595
4.42301
4.41005
4.39708
4.38408
4.37106
4.35803
4.34497
4.33189
4.3188
4.30568
4.29253
4.27937
4.26618
4.25298
4.23975
4.2265
4.21322
4.19993
4.18661
4.17327
4.15991
4.14652
4.13312
4.11969
4.10625
4.09278
4.0793
4.06579
4.05227
4.03873
4.02517
4.01159
3.99799
3.98438
3.97075
3.95711
3.94345
3.92977
3.91609
3.90239
3.88868
3.87496
3.86123
3.84749
3.83375
3.82
3.80625
3.7925
3.77875
3.765
3.75125
3.7375
3.72376
3.71002
3.69629
3.68256
3.66884
3.65512
3.6414
3.62769
3.61398
3.60027
3.58657
3.57288
3.55919
3.54551
3.53184
3.51817
3.50451
3.49086
3.47722
3.46359
3.44997
3.43636
3.42276
3.40917
3.39559
3.38203
3.36847
3.35493
3.3414
3.32788
3.31438
3.30089
3.28741
3.27395
3.2605
3.24706
3.23364
3.22023
3.20684
3.19346
3.18009
3.16674
3.1534
3.14008
3.12677
3.11347
3.10019
3.08692
3.07367
3.06043
3.0472
3.03399
3.02079
3.00761
2.99443
2.98127
2.96813
2.95499
2.94187
2.92876
2.91566
2.90258
2.8895
2.87644
2.86339
2.85035
2.83731
2.82429
2.81128
2.79828
2.78529
2.77231
2.75934
2.74638
2.73342
2.72048
2.70754
2.69461
2.68168
2.66877
2.65586
2.64296
2.63006
2.61717
2.60429
2.59141
2.57854
2.56567
2.55281
2.53995
2.52709
2.51423
2.50138
2.48852
2.47567
2.46281
2.44995
2.43709
2.42422
2.41135
2.39847
2.38559
2.3727
2.3598
2.3469
2.33398
2.32106
2.30812
2.29517
2.2822
2.26922
2.25622
2.2432
2.23016
2.21711
2.20403
2.19094
2.17782
2.16469
2.15154
2.13838
2.12519
2.11199
2.09878
2.08555
2.0723
2.05905
2.04578
2.0325
2.01922
2.00592
1.99262
1.97931
1.966
1.95268
1.93936
1.92604
1.91272
1.8994
1.88608
1.87277
1.85947
1.84617
1.83288
1.8196
1.80633
1.79308
1.77984
1.76661
1.7534
1.74021
1.72704
1.71389
1.70076
1.68766
1.67458
1.66153
1.6485
1.6355
1.62254
1.6096
1.59669
1.58382
1.57098
1.55818
1.54541
1.53268
1.51998
1.50732
1.49471
1.48213
1.46959
1.45709
1.44463
1.43222
1.41985
1.40751
1.3952
1.38292
1.37067
1.35844
1.34624
1.33406
1.32191
1.30977
1.29766
1.28557
1.2735
1.26145
1.24942
1.23739
1.22539
1.21339
1.2014
1.18942
1.17745
1.16548
1.15352
1.14156
1.12959
1.11762
1.10565
1.09368
1.08169
1.06969
1.05769
1.04567
1.03364
1.02158
1.00952
0.997427
0.985317
0.973184
0.961026
0.948843
0.936631
0.924391
0.91212
0.899817
0.88748
0.875109
0.862702
0.850257
0.837774
0.825251
0.812686
0.80008
0.78743
0.774736
0.761996
0.749209
0.736375
0.723493
0.710561
0.697578
0.684545
0.67146
0.658322
0.645131
0.631885
0.618586
0.605231
0.59182
0.578354
0.564831
0.551252
0.537617
0.523925
0.510178
0.496374
0.482515
0.468602
0.454634
0.440613
0.426539
0.412413
0.398236
0.384008
0.369732
0.355408
0.341039
0.326625
0.312168
0.297668
0.283128
0.268548
0.253929
0.239273
0.22458
0.209853
0.195093
0.180303
0.165484
0.150636
0.13576
0.120858
0.10593
0.090978
0.0760027
0.0610057
0.0459885
0.0309524
0.0158991
0.000829937
6.26893
6.25384
6.23873
6.22259
6.20748
6.19237
6.17738
6.16238
6.14736
6.13232
6.11726
6.10217
6.08708
6.07197
6.05686
6.04176
6.02666
6.01156
5.99647
5.9814
5.96634
5.95129
5.93626
5.92125
5.90625
5.89127
5.87632
5.86138
5.84647
5.83158
5.81672
5.80188
5.78706
5.77228
5.75752
5.74278
5.72808
5.7134
5.69875
5.68414
5.66955
5.655
5.64047
5.62598
5.61153
5.5971
5.58272
5.56836
5.55404
5.53976
5.52552
5.51131
5.49715
5.48302
5.46894
5.45491
5.44093
5.42701
5.41314
5.39932
5.38556
5.37186
5.35821
5.34462
5.33109
5.31761
5.30419
5.29082
5.27751
5.26426
5.25106
5.23791
5.22482
5.21177
5.19878
5.18584
5.17295
5.16011
5.14731
5.13456
5.12185
5.10919
5.09658
5.084
5.07147
5.05897
5.04652
5.0341
5.02172
5.00937
4.99706
4.98478
4.97253
4.96031
4.94812
4.93595
4.92382
4.9117
4.89961
4.88754
4.8755
4.86347
4.85146
4.83946
4.82748
4.81552
4.80356
4.79162
4.77969
4.76776
4.75584
4.74393
4.73202
4.72011
4.70821
4.6963
4.6844
4.67249
4.66058
4.64866
4.63674
4.62482
4.61289
4.60094
4.58899
4.57703
4.56506
4.55308
4.54108
4.52907
4.51705
4.50501
4.49295
4.48088
4.46879
4.45669
4.44456
4.43242
4.42026
4.40808
4.39588
4.38366
4.37142
4.35916
4.34689
4.33459
4.32227
4.30993
4.29757
4.28519
4.27279
4.26036
4.24792
4.23546
4.22298
4.21048
4.19796
4.18541
4.17285
4.16027
4.14767
4.13505
4.12241
4.10976
4.09708
4.08439
4.07168
4.05895
4.0462
4.03343
4.02065
4.00785
3.99503
3.98219
3.96934
3.95646
3.94357
3.93067
3.91774
3.9048
3.89183
3.87885
3.86584
3.85282
3.83977
3.8267
3.8136
3.80049
3.78735
3.77419
3.76101
3.74779
3.73456
3.7213
3.70801
3.69469
3.68135
3.66798
3.65458
3.64117
3.62773
3.61426
3.60077
3.58727
3.57375
3.5602
3.54665
3.53307
3.51949
3.50588
3.49226
3.47863
3.46498
3.45133
3.43765
3.42397
3.41028
3.39657
3.38286
3.36913
3.3554
3.34165
3.3279
3.31414
3.30037
3.28659
3.27281
3.25902
3.24522
3.23142
3.21761
3.20379
3.18997
3.17614
3.16231
3.14847
3.13463
3.12078
3.10693
3.09308
3.07922
3.06535
3.05149
3.03762
3.02374
3.00986
2.99598
2.9821
2.96821
2.95432
2.94043
2.92653
2.91263
2.89873
2.88482
2.87091
2.857
2.84309
2.82917
2.81525
2.80133
2.7874
2.77347
2.75953
2.7456
2.73165
2.71771
2.70376
2.6898
2.67584
2.66188
2.64791
2.63393
2.61995
2.60596
2.59196
2.57796
2.56395
2.54994
2.53591
2.52188
2.50784
2.49379
2.47973
2.46566
2.45158
2.43748
2.42337
2.40925
2.39511
2.38096
2.36679
2.3526
2.3384
2.32419
2.30997
2.29573
2.28147
2.26721
2.25294
2.23865
2.22435
2.21005
2.19574
2.18142
2.1671
2.15277
2.13844
2.1241
2.10976
2.09543
2.08109
2.06676
2.05242
2.0381
2.02377
2.00946
1.99515
1.98085
1.96656
1.95229
1.93802
1.92378
1.90954
1.89533
1.88113
1.86695
1.85279
1.83866
1.82454
1.81046
1.79639
1.78236
1.76835
1.75438
1.74043
1.72652
1.71264
1.69879
1.68498
1.67121
1.65748
1.64378
1.63012
1.61651
1.60293
1.5894
1.57592
1.56247
1.54908
1.53572
1.52242
1.50916
1.49595
1.48279
1.46967
1.45658
1.44353
1.43051
1.41753
1.40458
1.39167
1.3788
1.36596
1.35315
1.34037
1.32763
1.31491
1.30222
1.28956
1.27692
1.2643
1.25171
1.23914
1.22658
1.21404
1.20152
1.18901
1.17651
1.16402
1.15154
1.13907
1.1266
1.11413
1.10166
1.08919
1.07672
1.06425
1.05177
1.03928
1.02678
1.01428
1.00176
0.989224
0.976675
0.964109
0.951525
0.938922
0.926297
0.91365
0.900979
0.888282
0.875559
0.862808
0.850029
0.837219
0.824377
0.811503
0.798595
0.785653
0.772675
0.759661
0.746608
0.733517
0.720387
0.707217
0.694006
0.680753
0.667458
0.65412
0.640738
0.627313
0.613844
0.600332
0.586776
0.573176
0.559533
0.545847
0.532119
0.518349
0.504538
0.490687
0.476797
0.462869
0.448906
0.434907
0.420875
0.406809
0.392711
0.378581
0.364421
0.350231
0.336013
0.321768
0.307496
0.2932
0.27888
0.264537
0.250173
0.235789
0.221386
0.206966
0.19253
0.17808
0.163619
0.149148
0.134666
0.120175
0.105675
0.0911678
0.0766541
0.062135
0.0476116
0.0330849
0.0185562
0.00402676
6.27268
6.25816
6.24363
6.22808
6.21359
6.19912
6.18478
6.17044
6.15609
6.14172
6.12734
6.11295
6.09855
6.08416
6.06977
6.05539
6.04102
6.02667
6.01233
5.99802
5.98372
5.96945
5.95519
5.94096
5.92676
5.91257
5.89841
5.88428
5.87017
5.85609
5.84204
5.82801
5.81401
5.80004
5.7861
5.77218
5.7583
5.74444
5.73061
5.71681
5.70305
5.68931
5.6756
5.66193
5.64828
5.63467
5.62108
5.60753
5.59401
5.58052
5.56706
5.55364
5.54025
5.5269
5.51359
5.50032
5.48709
5.47391
5.46078
5.44771
5.43469
5.42172
5.4088
5.39594
5.38313
5.37037
5.35767
5.34502
5.33243
5.31989
5.3074
5.29496
5.28257
5.27023
5.25794
5.2457
5.23351
5.22136
5.20926
5.19721
5.1852
5.17323
5.16131
5.14943
5.13758
5.12578
5.11402
5.10229
5.0906
5.07895
5.06733
5.05574
5.04418
5.03266
5.02116
5.0097
4.99826
4.98684
4.97546
4.96409
4.95275
4.94143
4.93013
4.91885
4.90759
4.89634
4.88511
4.8739
4.86269
4.8515
4.84032
4.82915
4.81798
4.80683
4.79567
4.78453
4.77339
4.76225
4.75111
4.73997
4.72883
4.71768
4.70654
4.69539
4.68423
4.67307
4.6619
4.65073
4.63955
4.62836
4.61716
4.60595
4.59472
4.58349
4.57224
4.56098
4.54971
4.53842
4.52711
4.51579
4.50446
4.4931
4.48173
4.47035
4.45894
4.44752
4.43607
4.42461
4.41313
4.40163
4.39011
4.37857
4.367
4.35542
4.34381
4.33219
4.32054
4.30887
4.29717
4.28546
4.27372
4.26195
4.25017
4.23835
4.22652
4.21466
4.20277
4.19086
4.17893
4.16697
4.15498
4.14296
4.13092
4.11886
4.10676
4.09464
4.08248
4.0703
4.05809
4.04585
4.03359
4.02129
4.00896
3.9966
3.98421
3.97178
3.95933
3.94684
3.93432
3.92177
3.90918
3.89655
3.88389
3.8712
3.85846
3.84569
3.83288
3.82002
3.80713
3.7942
3.78123
3.76822
3.75516
3.74207
3.72894
3.71576
3.70255
3.68929
3.67599
3.66265
3.64927
3.63585
3.6224
3.60891
3.59538
3.58182
3.56822
3.55458
3.54091
3.52721
3.51347
3.49971
3.48591
3.47207
3.45821
3.44432
3.43039
3.41644
3.40246
3.38845
3.37442
3.36035
3.34626
3.33215
3.31801
3.30384
3.28965
3.27544
3.2612
3.24694
3.23265
3.21835
3.20402
3.18968
3.17531
3.16092
3.14652
3.13209
3.11765
3.10319
3.08871
3.07421
3.0597
3.04518
3.03064
3.01608
3.00151
2.98693
2.97233
2.95773
2.94311
2.92848
2.91384
2.89919
2.88453
2.86987
2.85519
2.84051
2.82582
2.81112
2.79642
2.78172
2.767
2.75229
2.73756
2.72284
2.70811
2.69338
2.67865
2.66391
2.64918
2.63444
2.6197
2.60496
2.59022
2.57547
2.56073
2.54598
2.53123
2.51648
2.50173
2.48698
2.47223
2.45748
2.44272
2.42797
2.41321
2.39846
2.38369
2.36893
2.35415
2.33938
2.32459
2.3098
2.29501
2.2802
2.2654
2.25059
2.23577
2.22095
2.20613
2.19131
2.17649
2.16166
2.14684
2.13202
2.11721
2.10239
2.08759
2.07278
2.05799
2.0432
2.02842
2.01365
1.99889
1.98415
1.96941
1.95469
1.93998
1.92529
1.91061
1.89596
1.88132
1.8667
1.8521
1.83752
1.82297
1.80843
1.79393
1.77944
1.76499
1.75056
1.73616
1.72178
1.70744
1.69313
1.67885
1.66461
1.65039
1.63621
1.62207
1.60796
1.59389
1.57986
1.56587
1.55191
1.538
1.52412
1.51029
1.4965
1.48275
1.46904
1.45538
1.44176
1.42818
1.41464
1.40113
1.38764
1.37419
1.36076
1.34736
1.33399
1.32065
1.30734
1.29405
1.28079
1.26755
1.25434
1.24114
1.22797
1.21481
1.20168
1.18856
1.17545
1.16236
1.14928
1.13621
1.12315
1.11009
1.09705
1.084
1.07096
1.05793
1.04489
1.03185
1.01881
1.00576
0.992713
0.979656
0.96659
0.953516
0.94043
0.927333
0.914223
0.901098
0.887958
0.874801
0.861627
0.848434
0.835221
0.821987
0.808732
0.795454
0.782152
0.768826
0.755474
0.742096
0.728692
0.71526
0.701801
0.688312
0.674794
0.661247
0.647669
0.63406
0.620421
0.60675
0.593048
0.579313
0.565547
0.551749
0.537918
0.524056
0.510162
0.496236
0.482278
0.468291
0.454273
0.440225
0.426149
0.412046
0.397915
0.383759
0.369577
0.355372
0.341145
0.326896
0.312627
0.298339
0.284033
0.269711
0.255374
0.241024
0.226663
0.212294
0.197917
0.183532
0.16914
0.154741
0.140336
0.125925
0.111511
0.0970928
0.0826727
0.0682515
0.0538302
0.03941
0.0249922
0.0105778
6.27935
6.26495
6.25055
6.23513
6.21977
6.20549
6.19136
6.17736
6.16333
6.14926
6.13515
6.12101
6.10684
6.09265
6.07846
6.06427
6.05008
6.03591
6.02176
6.00763
5.99352
5.97943
5.96536
5.95133
5.93731
5.92333
5.90937
5.89545
5.88155
5.86768
5.85385
5.84004
5.82626
5.81252
5.79881
5.78513
5.77148
5.75786
5.74428
5.73074
5.71722
5.70374
5.6903
5.67689
5.66351
5.65018
5.63687
5.62361
5.61038
5.5972
5.58405
5.57094
5.55788
5.54487
5.53192
5.51902
5.50617
5.49337
5.48064
5.46795
5.45533
5.44276
5.43025
5.41779
5.40539
5.39304
5.38075
5.36851
5.35633
5.3442
5.33212
5.32009
5.30812
5.29619
5.28432
5.27249
5.26071
5.24898
5.2373
5.22566
5.21407
5.20252
5.19101
5.17955
5.16813
5.15674
5.1454
5.13409
5.12283
5.11159
5.10039
5.08923
5.0781
5.067
5.05593
5.04489
5.03388
5.0229
5.01194
5.00101
4.9901
4.97921
4.96834
4.9575
4.94667
4.93586
4.92507
4.91429
4.90353
4.89277
4.88204
4.87131
4.86059
4.84988
4.83917
4.82847
4.81778
4.80709
4.7964
4.78571
4.77503
4.76434
4.75365
4.74296
4.73227
4.72157
4.71086
4.70015
4.68944
4.67871
4.66797
4.65723
4.64647
4.6357
4.62492
4.61413
4.60332
4.5925
4.58166
4.57081
4.55994
4.54906
4.53816
4.52724
4.5163
4.50534
4.49436
4.48336
4.47234
4.4613
4.45024
4.43916
4.42805
4.41692
4.40577
4.39459
4.38339
4.37217
4.36091
4.34964
4.33833
4.327
4.31564
4.30425
4.29284
4.2814
4.26992
4.25842
4.24688
4.23532
4.22372
4.2121
4.20044
4.18874
